{
 "cells": [
  {
   "cell_type": "code",
   "execution_count": 1,
   "metadata": {},
   "outputs": [],
   "source": [
    "import pandas as pd"
   ]
  },
  {
   "cell_type": "code",
   "execution_count": 2,
   "metadata": {},
   "outputs": [],
   "source": [
    "from scipy.stats import pearsonr"
   ]
  },
  {
   "cell_type": "code",
   "execution_count": 3,
   "metadata": {},
   "outputs": [],
   "source": [
    "import os "
   ]
  },
  {
   "cell_type": "code",
   "execution_count": 70,
   "metadata": {},
   "outputs": [],
   "source": [
    "cases = dict()"
   ]
  },
  {
   "cell_type": "code",
   "execution_count": 59,
   "metadata": {},
   "outputs": [],
   "source": [
    "import numpy as np"
   ]
  },
  {
   "cell_type": "code",
   "execution_count": 82,
   "metadata": {},
   "outputs": [],
   "source": [
    "arr = np.zeros((23,4))"
   ]
  },
  {
   "cell_type": "code",
   "execution_count": 85,
   "metadata": {},
   "outputs": [],
   "source": [
    "sc = pd.DataFrame(arr, index=cases_list, columns=['btc', 'eth', 'aapl', 'spx'])"
   ]
  },
  {
   "cell_type": "code",
   "execution_count": 80,
   "metadata": {},
   "outputs": [],
   "source": [
    "cases_list = list(cases.keys())"
   ]
  },
  {
   "cell_type": "code",
   "execution_count": 91,
   "metadata": {},
   "outputs": [
    {
     "name": "stdout",
     "output_type": "stream",
     "text": [
      "0 pred_sto_fbp_si2_spx.csv (-0.026719216644879574, 0.6608691140751736)\n",
      "1 pred_stw_dcl_si3_spx.csv (0.30230015520101694, 3.732820520429467e-07)\n",
      "2 pred_stw_vol_brt_aapl.csv (-0.05107936782671617, 0.4014183707924509)\n",
      "3 pred_sto_all_si2_btc.csv (-0.0432104815381214, 0.3911354073535315)\n",
      "4 pred_sto_all_si1_eth.csv (-0.6639207555211618, 1.1286596070971462e-51)\n",
      "5 pred_sto_fbp_si3_eth.csv (-0.396198513439531, 2.4606279394230387e-16)\n",
      "6 pred_stw_brt_si3_spx.csv (0.35221577981813657, 2.305313079586823e-09)\n",
      "7 pred_sto_twt_si3_aapl.csv (0.13873333605609767, 0.02210321330240852)\n",
      "8 pred_sto_vol_all_btc.csv (0.3756085108997334, 1.0262476567294159e-14)\n",
      "9 pred_stw_vol_dcl_spx.csv (-0.6112375776139451, 2.957536394261103e-29)\n",
      "10 pred_sto_rea_all_spx.csv (0.4207447716855418, 4.283704546897021e-13)\n",
      "11 pred_stw_brt_si3_eth.csv (0.21993562760043334, 1.0006709559803714e-05)\n",
      "12 pred_sto_vol_all_eth.csv (0.5869212632076352, 5.025197946494713e-38)\n",
      "13 pred_sto_fbp_si1_spx.csv (0.018405412918524194, 0.7625167571616274)\n",
      "14 pred_sto_twt_si2_spx.csv (-0.0035678762709407605, 0.9532929194118418)\n",
      "15 pred_stw_dcl_si1_aapl.csv (0.3750403080306982, 1.6410380554710514e-10)\n",
      "16 pred_sto_vol_all_aapl.csv (-0.06824259397856362, 0.2620280937671706)\n",
      "17 pred_stw_brt_si2_btc.csv (0.4340066546307017, 1.2771053197707044e-19)\n",
      "18 pred_stw_dcl_si2_aapl.csv (0.3674207150819686, 4.0579930338404843e-10)\n",
      "19 pred_stw_brt_si2_spx.csv (0.3411772698531418, 7.689369391730472e-09)\n",
      "20 pred_sto_twt_si3_btc.csv (-0.11158546961823507, 0.02638878047938214)\n",
      "21 pred_sto_fbp_si1_aapl.csv (-0.123409359238569, 0.041979190258363386)\n",
      "22 pred_sto_rea_twt_spx.csv (0.41951071425089526, 5.091800568165119e-13)\n",
      "23 pred_sto_all_si3_btc.csv (-0.09673308407391498, 0.05443087882477899)\n",
      "24 pred_sto_rea_twt_btc.csv (0.42400493558079666, 1.0373809562450508e-18)\n",
      "25 pred_stw_vol_brt_btc.csv (0.5381622484710373, 4.113336732903568e-31)\n",
      "26 pred_sto_twt_si1_spx.csv (0.009096507296387077, 0.881288807392913)\n",
      "27 pred_sto_vol_twt_eth.csv (0.6783292214975707, 1.0766769127606689e-54)\n",
      "28 pred_stw_vol_brt_eth.csv (0.2144794487338151, 1.671416286143185e-05)\n",
      "29 pred_sto_vol_all_spx.csv (0.40994268851033033, 1.898762296133877e-12)\n",
      "30 pred_sto_all_si1_spx.csv (-0.00044208121748178647, 0.9942094729804987)\n",
      "31 pred_sto_rea_fbp_btc.csv (0.14478085018648448, 0.0038866013011349143)\n",
      "32 pred_sto_twt_si2_eth.csv (-0.5575902229080095, 9.907300841507766e-34)\n",
      "33 pred_sto_all_si1_btc.csv (-0.06779064687849534, 0.17820528838913144)\n",
      "34 pred_stw_brt_si3_btc.csv (0.3890685922639024, 9.226246456417758e-16)\n",
      "35 pred_stw_brt_si1_spx.csv (0.3539475872600835, 1.9002001512410908e-09)\n",
      "36 pred_stw_brt_si1_eth.csv (0.2037774404775384, 4.403020711309754e-05)\n",
      "37 pred_sto_all_si3_aapl.csv (0.3245257980110602, 4.338118048962351e-08)\n",
      "38 pred_sto_all_si2_aapl.csv (0.31902428271501115, 7.513174134699737e-08)\n",
      "39 pred_sto_all_si2_spx.csv (-0.005586605212762604, 0.9269260297164656)\n",
      "40 pred_stw_vol_brt_spx.csv (-0.6472478344792862, 1.105258068607152e-33)\n",
      "41 pred_sto_vol_twt_btc.csv (0.5235754469709074, 2.958868694262668e-29)\n",
      "42 pred_sto_fbp_si1_eth.csv (-0.4452590812084578, 1.1118592190871612e-20)\n",
      "43 pred_stw_vol_dcl_btc.csv (0.5380403156929567, 4.2667164552804935e-31)\n",
      "44 pred_stw_vol_dcl_eth.csv (0.21746364945294297, 1.2645383736798764e-05)\n",
      "45 pred_sto_vol_fbp_btc.csv (-0.13031582652545692, 0.009427929356958907)\n",
      "46 pred_stw_vol_dcl_aapl.csv (-0.031223223620322073, 0.6081611041458069)\n",
      "47 pred_stw_brt_si1_aapl.csv (0.36929741775559605, 3.25401146924616e-10)\n",
      "48 pred_sto_all_si3_eth.csv (-0.6929736909441481, 6.021480509018355e-58)\n",
      "49 pred_stw_dcl_si3_aapl.csv (0.3405715046985932, 8.203809074457596e-09)\n",
      "50 pred_sto_vol_fbp_aapl.csv (-0.03676932794108183, 0.5459588145824001)\n",
      "51 pred_sto_fbp_si3_spx.csv (-0.007256398652443406, 0.9051755210847021)\n",
      "52 pred_sto_all_si2_eth.csv (-0.5629732337016924, 1.7363326845764967e-34)\n",
      "53 pred_sto_fbp_si3_btc.csv (0.007629647714982566, 0.879699374741687)\n",
      "54 pred_sto_twt_si3_spx.csv (0.037633943227817074, 0.5365519613991107)\n",
      "55 pred_stw_dcl_si3_eth.csv (0.22784347441386507, 4.648098177285385e-06)\n",
      "56 pred_stw_dcl_si2_btc.csv (0.41314443054665645, 9.333456308344654e-18)\n",
      "57 pred_stw_brt_si2_eth.csv (0.20461369515209438, 4.0893341534257055e-05)\n",
      "58 pred_stw_dcl_si2_eth.csv (0.18761205846447412, 0.0001733232827824437)\n",
      "59 pred_sto_twt_si2_aapl.csv (0.15033483857072544, 0.013061451697063521)\n",
      "60 pred_sto_rea_fbp_eth.csv (0.07708910148098214, 0.12564979380173213)\n",
      "61 pred_stw_brt_si3_aapl.csv (0.3696629915023139, 3.1165038942021363e-10)\n",
      "62 pred_stw_brt_si2_aapl.csv (0.3543604376965682, 1.8143286109112065e-09)\n",
      "63 pred_sto_vol_twt_spx.csv (0.4163224218949885, 7.931596964562734e-13)\n",
      "64 pred_sto_fbp_si2_btc.csv (0.09241192305388662, 0.0661960815826346)\n",
      "65 pred_sto_rea_twt_aapl.csv (-0.07743900918218363, 0.20295140181840068)\n",
      "66 pred_stw_dcl_si3_btc.csv (0.36401656460509946, 7.484838229487245e-14)\n",
      "67 pred_sto_twt_si1_aapl.csv (0.13604964927280574, 0.024838958783313485)\n",
      "68 pred_sto_fbp_si3_aapl.csv (-0.10354623499329105, 0.08829740982270744)\n",
      "69 pred_sto_fbp_si1_btc.csv (0.09118221073347155, 0.06990209126533338)\n",
      "70 pred_sto_vol_fbp_spx.csv (-0.4383648185702478, 3.3589295639753414e-14)\n",
      "71 pred_sto_twt_si2_btc.csv (-0.0908467653499512, 0.07094196863001904)\n",
      "72 pred_sto_rea_all_btc.csv (0.42666393624232823, 5.984534745279359e-19)\n",
      "73 pred_sto_vol_fbp_eth.csv (0.2246520645480142, 6.3550766463576585e-06)\n",
      "74 pred_sto_twt_si1_eth.csv (-0.6727479400101343, 1.668734826699284e-53)\n",
      "75 pred_stw_dcl_si1_spx.csv (0.3242369073584167, 4.466272825094038e-08)\n",
      "76 pred_stw_brt_si1_btc.csv (0.4408322826622099, 2.936611543718325e-20)\n",
      "77 pred_sto_rea_fbp_spx.csv (0.22490150049104443, 0.00018393603651409467)\n",
      "78 pred_stw_dcl_si1_btc.csv (0.4183899084556353, 3.262435685032773e-18)\n",
      "79 pred_sto_vol_twt_aapl.csv (0.04583399967870743, 0.451553164623486)\n",
      "80 pred_sto_rea_twt_eth.csv (0.03899808776627418, 0.43899385701383375)\n",
      "81 pred_stw_dcl_si1_eth.csv (0.20664465674167845, 3.4131447898951356e-05)\n",
      "82 pred_sto_rea_all_eth.csv (0.10957627353849408, 0.02924144140577956)\n",
      "83 pred_sto_fbp_si2_eth.csv (-0.3937224730660822, 3.9079719615892495e-16)\n",
      "84 pred_sto_twt_si1_btc.csv (-0.10724855188269124, 0.0328730780857024)\n",
      "85 pred_sto_fbp_si2_aapl.csv (-0.1335782716541825, 0.027611362490746708)\n",
      "86 pred_sto_rea_fbp_aapl.csv (0.21156278653625626, 0.0004431423230312754)\n",
      "87 pred_stw_dcl_si2_spx.csv (0.3222632720784328, 5.444678008551184e-08)\n",
      "88 pred_sto_rea_all_aapl.csv (-0.0194071584825624, 0.7500093498248384)\n",
      "89 pred_sto_twt_si3_eth.csv (-0.6493327604477176, 8.791095169375839e-49)\n",
      "90 pred_sto_all_si1_aapl.csv (0.29249964860098343, 9.126048976850634e-07)\n",
      "91 pred_sto_all_si3_spx.csv (0.024828308689832438, 0.6835262286596888)\n"
     ]
    }
   ],
   "source": [
    "for i, file in enumerate(os.listdir('data/pred/')):\n",
    "    case = '_'.join(file.split('.')[0].split('_')[:4])\n",
    "    \n",
    "    data = pd.read_csv('data/pred/' + file, index_col=0)\n",
    "    symbol = file.split('.')[0].split('_')[-1]\n",
    "    type = file.split('.')[0].split('_')[3]\n",
    "    \n",
    "    prices = pd.read_csv('data/prices/' + symbol + '_prices.csv', header=None, index_col=0)\n",
    "    corr = pearsonr(data.values.ravel(), prices.values.ravel()) \n",
    "    sc.loc[case, symbol] = corr[0]\n",
    "    print(i, file, corr)"
   ]
  },
  {
   "cell_type": "code",
   "execution_count": 92,
   "metadata": {},
   "outputs": [
    {
     "data": {
      "text/html": [
       "<div>\n",
       "<style scoped>\n",
       "    .dataframe tbody tr th:only-of-type {\n",
       "        vertical-align: middle;\n",
       "    }\n",
       "\n",
       "    .dataframe tbody tr th {\n",
       "        vertical-align: top;\n",
       "    }\n",
       "\n",
       "    .dataframe thead th {\n",
       "        text-align: right;\n",
       "    }\n",
       "</style>\n",
       "<table border=\"1\" class=\"dataframe\">\n",
       "  <thead>\n",
       "    <tr style=\"text-align: right;\">\n",
       "      <th></th>\n",
       "      <th>btc</th>\n",
       "      <th>eth</th>\n",
       "      <th>aapl</th>\n",
       "      <th>spx</th>\n",
       "    </tr>\n",
       "  </thead>\n",
       "  <tbody>\n",
       "    <tr>\n",
       "      <th>pred_sto_fbp_si2</th>\n",
       "      <td>0.092412</td>\n",
       "      <td>-0.393722</td>\n",
       "      <td>-0.133578</td>\n",
       "      <td>-0.026719</td>\n",
       "    </tr>\n",
       "    <tr>\n",
       "      <th>pred_stw_dcl_si3</th>\n",
       "      <td>0.364017</td>\n",
       "      <td>0.227843</td>\n",
       "      <td>0.340572</td>\n",
       "      <td>0.302300</td>\n",
       "    </tr>\n",
       "    <tr>\n",
       "      <th>pred_stw_vol_brt</th>\n",
       "      <td>0.538162</td>\n",
       "      <td>0.214479</td>\n",
       "      <td>-0.051079</td>\n",
       "      <td>-0.647248</td>\n",
       "    </tr>\n",
       "    <tr>\n",
       "      <th>pred_sto_all_si2</th>\n",
       "      <td>-0.043210</td>\n",
       "      <td>-0.562973</td>\n",
       "      <td>0.319024</td>\n",
       "      <td>-0.005587</td>\n",
       "    </tr>\n",
       "    <tr>\n",
       "      <th>pred_sto_all_si1</th>\n",
       "      <td>-0.067791</td>\n",
       "      <td>-0.663921</td>\n",
       "      <td>0.292500</td>\n",
       "      <td>-0.000442</td>\n",
       "    </tr>\n",
       "    <tr>\n",
       "      <th>pred_sto_fbp_si3</th>\n",
       "      <td>0.007630</td>\n",
       "      <td>-0.396199</td>\n",
       "      <td>-0.103546</td>\n",
       "      <td>-0.007256</td>\n",
       "    </tr>\n",
       "    <tr>\n",
       "      <th>pred_stw_brt_si3</th>\n",
       "      <td>0.389069</td>\n",
       "      <td>0.219936</td>\n",
       "      <td>0.369663</td>\n",
       "      <td>0.352216</td>\n",
       "    </tr>\n",
       "    <tr>\n",
       "      <th>pred_sto_twt_si3</th>\n",
       "      <td>-0.111585</td>\n",
       "      <td>-0.649333</td>\n",
       "      <td>0.138733</td>\n",
       "      <td>0.037634</td>\n",
       "    </tr>\n",
       "    <tr>\n",
       "      <th>pred_sto_vol_all</th>\n",
       "      <td>0.375609</td>\n",
       "      <td>0.586921</td>\n",
       "      <td>-0.068243</td>\n",
       "      <td>0.409943</td>\n",
       "    </tr>\n",
       "    <tr>\n",
       "      <th>pred_stw_vol_dcl</th>\n",
       "      <td>0.538040</td>\n",
       "      <td>0.217464</td>\n",
       "      <td>-0.031223</td>\n",
       "      <td>-0.611238</td>\n",
       "    </tr>\n",
       "    <tr>\n",
       "      <th>pred_sto_rea_all</th>\n",
       "      <td>0.426664</td>\n",
       "      <td>0.109576</td>\n",
       "      <td>-0.019407</td>\n",
       "      <td>0.420745</td>\n",
       "    </tr>\n",
       "    <tr>\n",
       "      <th>pred_sto_fbp_si1</th>\n",
       "      <td>0.091182</td>\n",
       "      <td>-0.445259</td>\n",
       "      <td>-0.123409</td>\n",
       "      <td>0.018405</td>\n",
       "    </tr>\n",
       "    <tr>\n",
       "      <th>pred_sto_twt_si2</th>\n",
       "      <td>-0.090847</td>\n",
       "      <td>-0.557590</td>\n",
       "      <td>0.150335</td>\n",
       "      <td>-0.003568</td>\n",
       "    </tr>\n",
       "    <tr>\n",
       "      <th>pred_stw_dcl_si1</th>\n",
       "      <td>0.418390</td>\n",
       "      <td>0.206645</td>\n",
       "      <td>0.375040</td>\n",
       "      <td>0.324237</td>\n",
       "    </tr>\n",
       "    <tr>\n",
       "      <th>pred_stw_brt_si2</th>\n",
       "      <td>0.434007</td>\n",
       "      <td>0.204614</td>\n",
       "      <td>0.354360</td>\n",
       "      <td>0.341177</td>\n",
       "    </tr>\n",
       "    <tr>\n",
       "      <th>pred_stw_dcl_si2</th>\n",
       "      <td>0.413144</td>\n",
       "      <td>0.187612</td>\n",
       "      <td>0.367421</td>\n",
       "      <td>0.322263</td>\n",
       "    </tr>\n",
       "    <tr>\n",
       "      <th>pred_sto_rea_twt</th>\n",
       "      <td>0.424005</td>\n",
       "      <td>0.038998</td>\n",
       "      <td>-0.077439</td>\n",
       "      <td>0.419511</td>\n",
       "    </tr>\n",
       "    <tr>\n",
       "      <th>pred_sto_all_si3</th>\n",
       "      <td>-0.096733</td>\n",
       "      <td>-0.692974</td>\n",
       "      <td>0.324526</td>\n",
       "      <td>0.024828</td>\n",
       "    </tr>\n",
       "    <tr>\n",
       "      <th>pred_sto_twt_si1</th>\n",
       "      <td>-0.107249</td>\n",
       "      <td>-0.672748</td>\n",
       "      <td>0.136050</td>\n",
       "      <td>0.009097</td>\n",
       "    </tr>\n",
       "    <tr>\n",
       "      <th>pred_sto_vol_twt</th>\n",
       "      <td>0.523575</td>\n",
       "      <td>0.678329</td>\n",
       "      <td>0.045834</td>\n",
       "      <td>0.416322</td>\n",
       "    </tr>\n",
       "    <tr>\n",
       "      <th>pred_sto_rea_fbp</th>\n",
       "      <td>0.144781</td>\n",
       "      <td>0.077089</td>\n",
       "      <td>0.211563</td>\n",
       "      <td>0.224902</td>\n",
       "    </tr>\n",
       "    <tr>\n",
       "      <th>pred_stw_brt_si1</th>\n",
       "      <td>0.440832</td>\n",
       "      <td>0.203777</td>\n",
       "      <td>0.369297</td>\n",
       "      <td>0.353948</td>\n",
       "    </tr>\n",
       "    <tr>\n",
       "      <th>pred_sto_vol_fbp</th>\n",
       "      <td>-0.130316</td>\n",
       "      <td>0.224652</td>\n",
       "      <td>-0.036769</td>\n",
       "      <td>-0.438365</td>\n",
       "    </tr>\n",
       "  </tbody>\n",
       "</table>\n",
       "</div>"
      ],
      "text/plain": [
       "                       btc       eth      aapl       spx\n",
       "pred_sto_fbp_si2  0.092412 -0.393722 -0.133578 -0.026719\n",
       "pred_stw_dcl_si3  0.364017  0.227843  0.340572  0.302300\n",
       "pred_stw_vol_brt  0.538162  0.214479 -0.051079 -0.647248\n",
       "pred_sto_all_si2 -0.043210 -0.562973  0.319024 -0.005587\n",
       "pred_sto_all_si1 -0.067791 -0.663921  0.292500 -0.000442\n",
       "pred_sto_fbp_si3  0.007630 -0.396199 -0.103546 -0.007256\n",
       "pred_stw_brt_si3  0.389069  0.219936  0.369663  0.352216\n",
       "pred_sto_twt_si3 -0.111585 -0.649333  0.138733  0.037634\n",
       "pred_sto_vol_all  0.375609  0.586921 -0.068243  0.409943\n",
       "pred_stw_vol_dcl  0.538040  0.217464 -0.031223 -0.611238\n",
       "pred_sto_rea_all  0.426664  0.109576 -0.019407  0.420745\n",
       "pred_sto_fbp_si1  0.091182 -0.445259 -0.123409  0.018405\n",
       "pred_sto_twt_si2 -0.090847 -0.557590  0.150335 -0.003568\n",
       "pred_stw_dcl_si1  0.418390  0.206645  0.375040  0.324237\n",
       "pred_stw_brt_si2  0.434007  0.204614  0.354360  0.341177\n",
       "pred_stw_dcl_si2  0.413144  0.187612  0.367421  0.322263\n",
       "pred_sto_rea_twt  0.424005  0.038998 -0.077439  0.419511\n",
       "pred_sto_all_si3 -0.096733 -0.692974  0.324526  0.024828\n",
       "pred_sto_twt_si1 -0.107249 -0.672748  0.136050  0.009097\n",
       "pred_sto_vol_twt  0.523575  0.678329  0.045834  0.416322\n",
       "pred_sto_rea_fbp  0.144781  0.077089  0.211563  0.224902\n",
       "pred_stw_brt_si1  0.440832  0.203777  0.369297  0.353948\n",
       "pred_sto_vol_fbp -0.130316  0.224652 -0.036769 -0.438365"
      ]
     },
     "execution_count": 92,
     "metadata": {},
     "output_type": "execute_result"
    }
   ],
   "source": [
    "sc"
   ]
  },
  {
   "cell_type": "code",
   "execution_count": 105,
   "metadata": {},
   "outputs": [],
   "source": [
    "new_index = []"
   ]
  },
  {
   "cell_type": "code",
   "execution_count": 106,
   "metadata": {},
   "outputs": [],
   "source": [
    "for i in sc.index:\n",
    "    _, source, type1, type2, = i.split('_')\n",
    "    new = source + '_' + type1 + '_' + type2\n",
    "    if type2.startswith('si'):\n",
    "        new = source + '_' + type2 + '_' + type1\n",
    "    new_index.append(new)"
   ]
  },
  {
   "cell_type": "code",
   "execution_count": 107,
   "metadata": {},
   "outputs": [
    {
     "data": {
      "text/plain": [
       "['sto_si2_fbp',\n",
       " 'stw_si3_dcl',\n",
       " 'stw_vol_brt',\n",
       " 'sto_si2_all',\n",
       " 'sto_si1_all',\n",
       " 'sto_si3_fbp',\n",
       " 'stw_si3_brt',\n",
       " 'sto_si3_twt',\n",
       " 'sto_vol_all',\n",
       " 'stw_vol_dcl',\n",
       " 'sto_rea_all',\n",
       " 'sto_si1_fbp',\n",
       " 'sto_si2_twt',\n",
       " 'stw_si1_dcl',\n",
       " 'stw_si2_brt',\n",
       " 'stw_si2_dcl',\n",
       " 'sto_rea_twt',\n",
       " 'sto_si3_all',\n",
       " 'sto_si1_twt',\n",
       " 'sto_vol_twt',\n",
       " 'sto_rea_fbp',\n",
       " 'stw_si1_brt',\n",
       " 'sto_vol_fbp']"
      ]
     },
     "execution_count": 107,
     "metadata": {},
     "output_type": "execute_result"
    }
   ],
   "source": [
    "new_index"
   ]
  },
  {
   "cell_type": "code",
   "execution_count": 109,
   "metadata": {},
   "outputs": [],
   "source": [
    "sc.index = new_index"
   ]
  },
  {
   "cell_type": "code",
   "execution_count": 111,
   "metadata": {},
   "outputs": [
    {
     "data": {
      "text/html": [
       "<div>\n",
       "<style scoped>\n",
       "    .dataframe tbody tr th:only-of-type {\n",
       "        vertical-align: middle;\n",
       "    }\n",
       "\n",
       "    .dataframe tbody tr th {\n",
       "        vertical-align: top;\n",
       "    }\n",
       "\n",
       "    .dataframe thead th {\n",
       "        text-align: right;\n",
       "    }\n",
       "</style>\n",
       "<table border=\"1\" class=\"dataframe\">\n",
       "  <thead>\n",
       "    <tr style=\"text-align: right;\">\n",
       "      <th></th>\n",
       "      <th>btc</th>\n",
       "      <th>eth</th>\n",
       "      <th>aapl</th>\n",
       "      <th>spx</th>\n",
       "    </tr>\n",
       "  </thead>\n",
       "  <tbody>\n",
       "    <tr>\n",
       "      <th>sto_rea_all</th>\n",
       "      <td>0.426664</td>\n",
       "      <td>0.109576</td>\n",
       "      <td>-0.019407</td>\n",
       "      <td>0.420745</td>\n",
       "    </tr>\n",
       "    <tr>\n",
       "      <th>sto_rea_fbp</th>\n",
       "      <td>0.144781</td>\n",
       "      <td>0.077089</td>\n",
       "      <td>0.211563</td>\n",
       "      <td>0.224902</td>\n",
       "    </tr>\n",
       "    <tr>\n",
       "      <th>sto_rea_twt</th>\n",
       "      <td>0.424005</td>\n",
       "      <td>0.038998</td>\n",
       "      <td>-0.077439</td>\n",
       "      <td>0.419511</td>\n",
       "    </tr>\n",
       "    <tr>\n",
       "      <th>sto_si1_all</th>\n",
       "      <td>-0.067791</td>\n",
       "      <td>-0.663921</td>\n",
       "      <td>0.292500</td>\n",
       "      <td>-0.000442</td>\n",
       "    </tr>\n",
       "    <tr>\n",
       "      <th>sto_si1_fbp</th>\n",
       "      <td>0.091182</td>\n",
       "      <td>-0.445259</td>\n",
       "      <td>-0.123409</td>\n",
       "      <td>0.018405</td>\n",
       "    </tr>\n",
       "    <tr>\n",
       "      <th>sto_si1_twt</th>\n",
       "      <td>-0.107249</td>\n",
       "      <td>-0.672748</td>\n",
       "      <td>0.136050</td>\n",
       "      <td>0.009097</td>\n",
       "    </tr>\n",
       "    <tr>\n",
       "      <th>sto_si2_all</th>\n",
       "      <td>-0.043210</td>\n",
       "      <td>-0.562973</td>\n",
       "      <td>0.319024</td>\n",
       "      <td>-0.005587</td>\n",
       "    </tr>\n",
       "    <tr>\n",
       "      <th>sto_si2_fbp</th>\n",
       "      <td>0.092412</td>\n",
       "      <td>-0.393722</td>\n",
       "      <td>-0.133578</td>\n",
       "      <td>-0.026719</td>\n",
       "    </tr>\n",
       "    <tr>\n",
       "      <th>sto_si2_twt</th>\n",
       "      <td>-0.090847</td>\n",
       "      <td>-0.557590</td>\n",
       "      <td>0.150335</td>\n",
       "      <td>-0.003568</td>\n",
       "    </tr>\n",
       "    <tr>\n",
       "      <th>sto_si3_all</th>\n",
       "      <td>-0.096733</td>\n",
       "      <td>-0.692974</td>\n",
       "      <td>0.324526</td>\n",
       "      <td>0.024828</td>\n",
       "    </tr>\n",
       "    <tr>\n",
       "      <th>sto_si3_fbp</th>\n",
       "      <td>0.007630</td>\n",
       "      <td>-0.396199</td>\n",
       "      <td>-0.103546</td>\n",
       "      <td>-0.007256</td>\n",
       "    </tr>\n",
       "    <tr>\n",
       "      <th>sto_si3_twt</th>\n",
       "      <td>-0.111585</td>\n",
       "      <td>-0.649333</td>\n",
       "      <td>0.138733</td>\n",
       "      <td>0.037634</td>\n",
       "    </tr>\n",
       "    <tr>\n",
       "      <th>sto_vol_all</th>\n",
       "      <td>0.375609</td>\n",
       "      <td>0.586921</td>\n",
       "      <td>-0.068243</td>\n",
       "      <td>0.409943</td>\n",
       "    </tr>\n",
       "    <tr>\n",
       "      <th>sto_vol_fbp</th>\n",
       "      <td>-0.130316</td>\n",
       "      <td>0.224652</td>\n",
       "      <td>-0.036769</td>\n",
       "      <td>-0.438365</td>\n",
       "    </tr>\n",
       "    <tr>\n",
       "      <th>sto_vol_twt</th>\n",
       "      <td>0.523575</td>\n",
       "      <td>0.678329</td>\n",
       "      <td>0.045834</td>\n",
       "      <td>0.416322</td>\n",
       "    </tr>\n",
       "    <tr>\n",
       "      <th>stw_si1_brt</th>\n",
       "      <td>0.440832</td>\n",
       "      <td>0.203777</td>\n",
       "      <td>0.369297</td>\n",
       "      <td>0.353948</td>\n",
       "    </tr>\n",
       "    <tr>\n",
       "      <th>stw_si1_dcl</th>\n",
       "      <td>0.418390</td>\n",
       "      <td>0.206645</td>\n",
       "      <td>0.375040</td>\n",
       "      <td>0.324237</td>\n",
       "    </tr>\n",
       "    <tr>\n",
       "      <th>stw_si2_brt</th>\n",
       "      <td>0.434007</td>\n",
       "      <td>0.204614</td>\n",
       "      <td>0.354360</td>\n",
       "      <td>0.341177</td>\n",
       "    </tr>\n",
       "    <tr>\n",
       "      <th>stw_si2_dcl</th>\n",
       "      <td>0.413144</td>\n",
       "      <td>0.187612</td>\n",
       "      <td>0.367421</td>\n",
       "      <td>0.322263</td>\n",
       "    </tr>\n",
       "    <tr>\n",
       "      <th>stw_si3_brt</th>\n",
       "      <td>0.389069</td>\n",
       "      <td>0.219936</td>\n",
       "      <td>0.369663</td>\n",
       "      <td>0.352216</td>\n",
       "    </tr>\n",
       "    <tr>\n",
       "      <th>stw_si3_dcl</th>\n",
       "      <td>0.364017</td>\n",
       "      <td>0.227843</td>\n",
       "      <td>0.340572</td>\n",
       "      <td>0.302300</td>\n",
       "    </tr>\n",
       "    <tr>\n",
       "      <th>stw_vol_brt</th>\n",
       "      <td>0.538162</td>\n",
       "      <td>0.214479</td>\n",
       "      <td>-0.051079</td>\n",
       "      <td>-0.647248</td>\n",
       "    </tr>\n",
       "    <tr>\n",
       "      <th>stw_vol_dcl</th>\n",
       "      <td>0.538040</td>\n",
       "      <td>0.217464</td>\n",
       "      <td>-0.031223</td>\n",
       "      <td>-0.611238</td>\n",
       "    </tr>\n",
       "  </tbody>\n",
       "</table>\n",
       "</div>"
      ],
      "text/plain": [
       "                  btc       eth      aapl       spx\n",
       "sto_rea_all  0.426664  0.109576 -0.019407  0.420745\n",
       "sto_rea_fbp  0.144781  0.077089  0.211563  0.224902\n",
       "sto_rea_twt  0.424005  0.038998 -0.077439  0.419511\n",
       "sto_si1_all -0.067791 -0.663921  0.292500 -0.000442\n",
       "sto_si1_fbp  0.091182 -0.445259 -0.123409  0.018405\n",
       "sto_si1_twt -0.107249 -0.672748  0.136050  0.009097\n",
       "sto_si2_all -0.043210 -0.562973  0.319024 -0.005587\n",
       "sto_si2_fbp  0.092412 -0.393722 -0.133578 -0.026719\n",
       "sto_si2_twt -0.090847 -0.557590  0.150335 -0.003568\n",
       "sto_si3_all -0.096733 -0.692974  0.324526  0.024828\n",
       "sto_si3_fbp  0.007630 -0.396199 -0.103546 -0.007256\n",
       "sto_si3_twt -0.111585 -0.649333  0.138733  0.037634\n",
       "sto_vol_all  0.375609  0.586921 -0.068243  0.409943\n",
       "sto_vol_fbp -0.130316  0.224652 -0.036769 -0.438365\n",
       "sto_vol_twt  0.523575  0.678329  0.045834  0.416322\n",
       "stw_si1_brt  0.440832  0.203777  0.369297  0.353948\n",
       "stw_si1_dcl  0.418390  0.206645  0.375040  0.324237\n",
       "stw_si2_brt  0.434007  0.204614  0.354360  0.341177\n",
       "stw_si2_dcl  0.413144  0.187612  0.367421  0.322263\n",
       "stw_si3_brt  0.389069  0.219936  0.369663  0.352216\n",
       "stw_si3_dcl  0.364017  0.227843  0.340572  0.302300\n",
       "stw_vol_brt  0.538162  0.214479 -0.051079 -0.647248\n",
       "stw_vol_dcl  0.538040  0.217464 -0.031223 -0.611238"
      ]
     },
     "execution_count": 111,
     "metadata": {},
     "output_type": "execute_result"
    }
   ],
   "source": [
    "sc.sort_index()"
   ]
  },
  {
   "cell_type": "code",
   "execution_count": 114,
   "metadata": {},
   "outputs": [],
   "source": [
    "sc.to_excel('correlations.xlsx')"
   ]
  },
  {
   "cell_type": "code",
   "execution_count": null,
   "metadata": {},
   "outputs": [],
   "source": []
  }
 ],
 "metadata": {
  "kernelspec": {
   "display_name": "Python 3",
   "language": "python",
   "name": "python3"
  },
  "language_info": {
   "codemirror_mode": {
    "name": "ipython",
    "version": 3
   },
   "file_extension": ".py",
   "mimetype": "text/x-python",
   "name": "python",
   "nbconvert_exporter": "python",
   "pygments_lexer": "ipython3",
   "version": "3.6.8"
  }
 },
 "nbformat": 4,
 "nbformat_minor": 2
}
