{
 "cells": [
  {
   "cell_type": "code",
   "execution_count": 12,
   "metadata": {},
   "outputs": [],
   "source": [
    "import os \n",
    "import pandas as pd\n",
    "import numpy as np\n",
    "from keras.preprocessing.sequence import TimeseriesGenerator\n",
    "from sklearn.preprocessing import StandardScaler\n",
    "from sklearn.linear_model import LinearRegression\n",
    "from sklearn.metrics import r2_score"
   ]
  },
  {
   "cell_type": "code",
   "execution_count": 13,
   "metadata": {},
   "outputs": [
    {
     "data": {
      "text/html": [
       "<script type=\"text/javascript\">window.PlotlyConfig = {MathJaxConfig: 'local'};</script><script type=\"text/javascript\">if (window.MathJax) {MathJax.Hub.Config({SVG: {font: \"STIX-Web\"}});}</script><script>requirejs.config({paths: { 'plotly': ['https://cdn.plot.ly/plotly-latest.min']},});if(!window._Plotly) {require(['plotly'],function(plotly) {window._Plotly=plotly;});}</script>"
      ],
      "text/vnd.plotly.v1+html": [
       "<script type=\"text/javascript\">window.PlotlyConfig = {MathJaxConfig: 'local'};</script><script type=\"text/javascript\">if (window.MathJax) {MathJax.Hub.Config({SVG: {font: \"STIX-Web\"}});}</script><script>requirejs.config({paths: { 'plotly': ['https://cdn.plot.ly/plotly-latest.min']},});if(!window._Plotly) {require(['plotly'],function(plotly) {window._Plotly=plotly;});}</script>"
      ]
     },
     "metadata": {},
     "output_type": "display_data"
    }
   ],
   "source": [
    "from plotly.offline import iplot\n",
    "import cufflinks as cf\n",
    "cf.go_offline()"
   ]
  },
  {
   "cell_type": "code",
   "execution_count": 14,
   "metadata": {},
   "outputs": [],
   "source": [
    "import warnings\n",
    "warnings.filterwarnings('ignore')"
   ]
  },
  {
   "cell_type": "code",
   "execution_count": 15,
   "metadata": {},
   "outputs": [],
   "source": [
    "index = ['sto_vol_all',\n",
    "         'sto_vol_twt',\n",
    "         'sto_rea_all',\n",
    "         'sto_rea_twt',\n",
    "         'sto_si1_all', \n",
    "         'sto_si2_all', \n",
    "         'sto_si3_all', \n",
    "         'sto_si1_twt', \n",
    "         'sto_si2_twt', \n",
    "         'sto_si3_twt',\n",
    "         'stw_vol_dcl',\n",
    "         'stw_vol_brt',\n",
    "         'stw_si1_dcl',\n",
    "         'stw_si2_dcl',\n",
    "         'stw_si3_dcl', \n",
    "         'stw_si1_brt', \n",
    "         'stw_si2_brt',\n",
    "         'stw_si3_brt']"
   ]
  },
  {
   "cell_type": "code",
   "execution_count": 43,
   "metadata": {},
   "outputs": [
    {
     "name": "stdout",
     "output_type": "stream",
     "text": [
      "pred_sto_all_si1_aapl.csv 0.8372228625213046\n",
      "pred_sto_all_si1_btc.csv -0.644204938822285\n",
      "pred_sto_all_si1_eth.csv 0.7324482894677774\n",
      "pred_sto_all_si1_spx.csv 0.8615685289187118\n",
      "pred_sto_all_si2_aapl.csv 0.843665265445337\n",
      "pred_sto_all_si2_btc.csv -0.6468824926486214\n",
      "pred_sto_all_si2_eth.csv 0.6913087691037898\n",
      "pred_sto_all_si2_spx.csv 0.861513487780736\n",
      "pred_sto_all_si3_aapl.csv 0.8485017066511704\n",
      "pred_sto_all_si3_btc.csv -0.5520774532803918\n",
      "pred_sto_all_si3_eth.csv 0.735593754392116\n",
      "pred_sto_all_si3_spx.csv 0.8624118236860284\n",
      "pred_sto_rea_all_aapl.csv 0.83522313917588\n",
      "pred_sto_rea_all_btc.csv -0.6647879221957667\n",
      "pred_sto_rea_all_eth.csv 0.39802411849954655\n",
      "pred_sto_rea_all_spx.csv 0.8637169127980613\n",
      "pred_sto_rea_twt_aapl.csv 0.8352092420890393\n",
      "pred_sto_rea_twt_btc.csv -0.8149869296277947\n",
      "pred_sto_rea_twt_eth.csv 0.6124053834106651\n",
      "pred_sto_rea_twt_spx.csv 0.8432212255657165\n",
      "pred_sto_twt_si1_aapl.csv 0.8434471031873025\n",
      "pred_sto_twt_si1_btc.csv -0.5394932891201274\n",
      "pred_sto_twt_si1_eth.csv 0.703208055418898\n",
      "pred_sto_twt_si1_spx.csv 0.8621347356386675\n",
      "pred_sto_twt_si2_aapl.csv 0.8461748792926089\n",
      "pred_sto_twt_si2_btc.csv -0.507055114830155\n",
      "pred_sto_twt_si2_eth.csv 0.6670601888624587\n",
      "pred_sto_twt_si2_spx.csv 0.8617948622840996\n",
      "pred_sto_twt_si3_aapl.csv 0.8464706628568128\n",
      "pred_sto_twt_si3_btc.csv -0.49618227571432816\n",
      "pred_sto_twt_si3_eth.csv 0.6415305043187887\n",
      "pred_sto_twt_si3_spx.csv 0.8621383148639818\n",
      "pred_sto_vol_all_aapl.csv 0.7793833873160532\n",
      "pred_sto_vol_all_btc.csv -0.4146037654266026\n",
      "pred_sto_vol_all_eth.csv 0.10636473530358181\n",
      "pred_sto_vol_all_spx.csv 0.5666411000615363\n",
      "pred_sto_vol_twt_aapl.csv 0.8014888729520109\n",
      "pred_sto_vol_twt_btc.csv -0.4587807304004645\n",
      "pred_sto_vol_twt_eth.csv 0.35415663827755717\n",
      "pred_sto_vol_twt_spx.csv 0.42000414914823725\n",
      "pred_stw_brt_si1_aapl.csv 0.8048107895567596\n",
      "pred_stw_brt_si1_btc.csv -0.42846186431521893\n",
      "pred_stw_brt_si1_eth.csv 0.49184922806746034\n",
      "pred_stw_brt_si1_spx.csv 0.8289911425723783\n",
      "pred_stw_brt_si2_aapl.csv 0.822985463456539\n",
      "pred_stw_brt_si2_btc.csv -0.47004181842270265\n",
      "pred_stw_brt_si2_eth.csv 0.49533743730707125\n",
      "pred_stw_brt_si2_spx.csv 0.84631179422464\n",
      "pred_stw_brt_si3_aapl.csv 0.7318291048635707\n",
      "pred_stw_brt_si3_btc.csv -0.3727237305206814\n",
      "pred_stw_brt_si3_eth.csv 0.5039602074586214\n",
      "pred_stw_brt_si3_spx.csv 0.7736826620626827\n",
      "pred_stw_dcl_si1_aapl.csv 0.797138200537823\n",
      "pred_stw_dcl_si1_btc.csv -0.508112778328506\n",
      "pred_stw_dcl_si1_eth.csv 0.4476908157513342\n",
      "pred_stw_dcl_si1_spx.csv 0.8568507669912622\n",
      "pred_stw_dcl_si2_aapl.csv 0.8099733671153164\n",
      "pred_stw_dcl_si2_btc.csv -0.5417021597955289\n",
      "pred_stw_dcl_si2_eth.csv 0.4789169013901601\n",
      "pred_stw_dcl_si2_spx.csv 0.857272481219842\n",
      "pred_stw_dcl_si3_aapl.csv 0.5992070287316298\n",
      "pred_stw_dcl_si3_btc.csv -0.4488921181353436\n",
      "pred_stw_dcl_si3_eth.csv 0.4831391260354445\n",
      "pred_stw_dcl_si3_spx.csv 0.8114536300206228\n",
      "pred_stw_vol_brt_aapl.csv 0.8543610512702485\n",
      "pred_stw_vol_brt_btc.csv -0.41629738408840056\n",
      "pred_stw_vol_brt_eth.csv 0.3279412995603128\n",
      "pred_stw_vol_brt_spx.csv 0.8483657417271827\n",
      "pred_stw_vol_dcl_aapl.csv 0.854059250278601\n",
      "pred_stw_vol_dcl_btc.csv -0.4507215247204348\n",
      "pred_stw_vol_dcl_eth.csv 0.38523583994764066\n",
      "pred_stw_vol_dcl_spx.csv 0.8546869568161106\n"
     ]
    }
   ],
   "source": [
    "sc = pd.DataFrame(np.zeros((18, 4)), index=index, columns=['btc', 'eth', 'aapl', 'spx'])\n",
    "for file in os.listdir('C:/Users/Comarch/Desktop/miko_work/pred'):\n",
    "    _, source, type1, type2, symbol = file.split('.')[0].split('_')\n",
    "    \n",
    "    if type2 == 'fbp' or type1 == 'fbp':\n",
    "        continue\n",
    "        \n",
    "    new = source + '_' + type1 + '_' + type2\n",
    "    if type2.startswith('si'):\n",
    "        new = source + '_' + type2 + '_' + type1\n",
    "    \n",
    "    data = pd.read_csv('C:/Users/Comarch/Desktop/miko_work/pred/' + file, index_col=0, parse_dates=True)\n",
    "    prices = pd.read_csv('C:/Users/Comarch/Desktop/miko_work/prices/' + symbol + '_prices.csv', header=None, index_col=0, parse_dates=True)\n",
    "    prices_sh = prices.shift(1)\n",
    "    prices_sh.iloc[0] = prices.values[0]\n",
    "    prices = np.log(prices)\n",
    "    roll = pd.read_csv('C:/Users/Comarch/Desktop/miko_work/roll/' + symbol + '_roll.csv', index_col=0, parse_dates=True)\n",
    "\n",
    "    data_train = data[data.index < pd.to_datetime('2019-05-01')]\n",
    "    data_test = data[data.index >= pd.to_datetime('2019-05-01')]\n",
    "    prices_train = prices[prices.index < pd.to_datetime('2019-05-01')]\n",
    "    prices_test = prices[prices.index >= pd.to_datetime('2019-05-01')]\n",
    "    roll_train = roll[roll.index < pd.to_datetime('2019-05-01')]\n",
    "    roll_test = roll[roll.index >= pd.to_datetime('2019-05-01')]\n",
    "    \n",
    "    tg_train = TimeseriesGenerator(data_train.values, prices_train.values, 3, batch_size=len(data_train))\n",
    "    x_train, y_train = tg_train[0]\n",
    "    x_train = x_train.reshape(-1, x_train.shape[1] * x_train.shape[2])\n",
    "    y_train = y_train.reshape(-1)\n",
    "\n",
    "    tg_test = TimeseriesGenerator(data_test.values, prices_test.values, 3, batch_size=len(data_test))\n",
    "    x_test, y_test = tg_test[0]\n",
    "    x_test = x_test.reshape(-1, x_test.shape[1] * x_test.shape[2])\n",
    "    y_test = y_test.reshape(-1)\n",
    "\n",
    "    x_train = np.append(x_train, roll_train[2:-1], axis=1)\n",
    "    x_test = np.append(x_test, roll_test[2:-1], axis=1)\n",
    "\n",
    "    scaler = StandardScaler()\n",
    "    x_train = scaler.fit_transform(x_train)\n",
    "    x_test = scaler.transform(x_test)\n",
    "\n",
    "    model = LinearRegression()\n",
    "    model.fit(x_train, y_train)\n",
    "    pred = model.predict(x_test)\n",
    "    r2 = r2_score(y_test, pred)\n",
    "    sc.loc[new, symbol] = r2\n",
    "    print(file, str(r2))"
   ]
  },
  {
   "cell_type": "code",
   "execution_count": 41,
   "metadata": {},
   "outputs": [
    {
     "data": {
      "text/html": [
       "<div>\n",
       "<style scoped>\n",
       "    .dataframe tbody tr th:only-of-type {\n",
       "        vertical-align: middle;\n",
       "    }\n",
       "\n",
       "    .dataframe tbody tr th {\n",
       "        vertical-align: top;\n",
       "    }\n",
       "\n",
       "    .dataframe thead th {\n",
       "        text-align: right;\n",
       "    }\n",
       "</style>\n",
       "<table border=\"1\" class=\"dataframe\">\n",
       "  <thead>\n",
       "    <tr style=\"text-align: right;\">\n",
       "      <th></th>\n",
       "      <th>btc</th>\n",
       "      <th>eth</th>\n",
       "      <th>aapl</th>\n",
       "      <th>spx</th>\n",
       "    </tr>\n",
       "  </thead>\n",
       "  <tbody>\n",
       "    <tr>\n",
       "      <th>sto_vol_all</th>\n",
       "      <td>0.005951</td>\n",
       "      <td>0.024520</td>\n",
       "      <td>0.013792</td>\n",
       "      <td>0.026772</td>\n",
       "    </tr>\n",
       "    <tr>\n",
       "      <th>sto_vol_twt</th>\n",
       "      <td>0.007042</td>\n",
       "      <td>0.012950</td>\n",
       "      <td>0.005955</td>\n",
       "      <td>0.022143</td>\n",
       "    </tr>\n",
       "    <tr>\n",
       "      <th>sto_rea_all</th>\n",
       "      <td>0.010679</td>\n",
       "      <td>0.015662</td>\n",
       "      <td>0.054885</td>\n",
       "      <td>0.015032</td>\n",
       "    </tr>\n",
       "    <tr>\n",
       "      <th>sto_rea_twt</th>\n",
       "      <td>0.013854</td>\n",
       "      <td>0.020412</td>\n",
       "      <td>0.047457</td>\n",
       "      <td>0.012343</td>\n",
       "    </tr>\n",
       "    <tr>\n",
       "      <th>sto_si1_all</th>\n",
       "      <td>0.014072</td>\n",
       "      <td>0.013285</td>\n",
       "      <td>0.026455</td>\n",
       "      <td>0.016744</td>\n",
       "    </tr>\n",
       "    <tr>\n",
       "      <th>sto_si2_all</th>\n",
       "      <td>0.014392</td>\n",
       "      <td>0.010303</td>\n",
       "      <td>0.027434</td>\n",
       "      <td>0.014912</td>\n",
       "    </tr>\n",
       "    <tr>\n",
       "      <th>sto_si3_all</th>\n",
       "      <td>0.015360</td>\n",
       "      <td>0.012912</td>\n",
       "      <td>0.033608</td>\n",
       "      <td>0.019392</td>\n",
       "    </tr>\n",
       "    <tr>\n",
       "      <th>sto_si1_twt</th>\n",
       "      <td>0.018247</td>\n",
       "      <td>0.008720</td>\n",
       "      <td>0.010192</td>\n",
       "      <td>0.023275</td>\n",
       "    </tr>\n",
       "    <tr>\n",
       "      <th>sto_si2_twt</th>\n",
       "      <td>0.017385</td>\n",
       "      <td>0.008020</td>\n",
       "      <td>0.012078</td>\n",
       "      <td>0.023139</td>\n",
       "    </tr>\n",
       "    <tr>\n",
       "      <th>sto_si3_twt</th>\n",
       "      <td>0.026507</td>\n",
       "      <td>0.011587</td>\n",
       "      <td>0.068782</td>\n",
       "      <td>0.025114</td>\n",
       "    </tr>\n",
       "    <tr>\n",
       "      <th>stw_vol_dcl</th>\n",
       "      <td>0.007338</td>\n",
       "      <td>0.010574</td>\n",
       "      <td>0.013599</td>\n",
       "      <td>0.088917</td>\n",
       "    </tr>\n",
       "    <tr>\n",
       "      <th>stw_vol_brt</th>\n",
       "      <td>0.013058</td>\n",
       "      <td>0.010997</td>\n",
       "      <td>0.020729</td>\n",
       "      <td>0.071053</td>\n",
       "    </tr>\n",
       "    <tr>\n",
       "      <th>stw_si1_dcl</th>\n",
       "      <td>0.026636</td>\n",
       "      <td>0.019956</td>\n",
       "      <td>0.072230</td>\n",
       "      <td>0.030275</td>\n",
       "    </tr>\n",
       "    <tr>\n",
       "      <th>stw_si2_dcl</th>\n",
       "      <td>0.024854</td>\n",
       "      <td>0.020740</td>\n",
       "      <td>0.063293</td>\n",
       "      <td>0.031301</td>\n",
       "    </tr>\n",
       "    <tr>\n",
       "      <th>stw_si3_dcl</th>\n",
       "      <td>0.046875</td>\n",
       "      <td>0.029911</td>\n",
       "      <td>0.098363</td>\n",
       "      <td>0.067308</td>\n",
       "    </tr>\n",
       "    <tr>\n",
       "      <th>stw_si1_brt</th>\n",
       "      <td>0.021958</td>\n",
       "      <td>0.023397</td>\n",
       "      <td>0.045237</td>\n",
       "      <td>0.021413</td>\n",
       "    </tr>\n",
       "    <tr>\n",
       "      <th>stw_si2_brt</th>\n",
       "      <td>0.018216</td>\n",
       "      <td>0.022769</td>\n",
       "      <td>0.036802</td>\n",
       "      <td>0.018665</td>\n",
       "    </tr>\n",
       "    <tr>\n",
       "      <th>stw_si3_brt</th>\n",
       "      <td>0.033125</td>\n",
       "      <td>0.024313</td>\n",
       "      <td>0.050604</td>\n",
       "      <td>0.025395</td>\n",
       "    </tr>\n",
       "  </tbody>\n",
       "</table>\n",
       "</div>"
      ],
      "text/plain": [
       "                  btc       eth      aapl       spx\n",
       "sto_vol_all  0.005951  0.024520  0.013792  0.026772\n",
       "sto_vol_twt  0.007042  0.012950  0.005955  0.022143\n",
       "sto_rea_all  0.010679  0.015662  0.054885  0.015032\n",
       "sto_rea_twt  0.013854  0.020412  0.047457  0.012343\n",
       "sto_si1_all  0.014072  0.013285  0.026455  0.016744\n",
       "sto_si2_all  0.014392  0.010303  0.027434  0.014912\n",
       "sto_si3_all  0.015360  0.012912  0.033608  0.019392\n",
       "sto_si1_twt  0.018247  0.008720  0.010192  0.023275\n",
       "sto_si2_twt  0.017385  0.008020  0.012078  0.023139\n",
       "sto_si3_twt  0.026507  0.011587  0.068782  0.025114\n",
       "stw_vol_dcl  0.007338  0.010574  0.013599  0.088917\n",
       "stw_vol_brt  0.013058  0.010997  0.020729  0.071053\n",
       "stw_si1_dcl  0.026636  0.019956  0.072230  0.030275\n",
       "stw_si2_dcl  0.024854  0.020740  0.063293  0.031301\n",
       "stw_si3_dcl  0.046875  0.029911  0.098363  0.067308\n",
       "stw_si1_brt  0.021958  0.023397  0.045237  0.021413\n",
       "stw_si2_brt  0.018216  0.022769  0.036802  0.018665\n",
       "stw_si3_brt  0.033125  0.024313  0.050604  0.025395"
      ]
     },
     "execution_count": 41,
     "metadata": {},
     "output_type": "execute_result"
    }
   ],
   "source": [
    "sc"
   ]
  },
  {
   "cell_type": "code",
   "execution_count": 13,
   "metadata": {},
   "outputs": [],
   "source": [
    "sc['avg'] = sc.apply(lambda x: x.abs().mean(), axis=1)"
   ]
  },
  {
   "cell_type": "code",
   "execution_count": 14,
   "metadata": {},
   "outputs": [
    {
     "data": {
      "text/html": [
       "<div>\n",
       "<style scoped>\n",
       "    .dataframe tbody tr th:only-of-type {\n",
       "        vertical-align: middle;\n",
       "    }\n",
       "\n",
       "    .dataframe tbody tr th {\n",
       "        vertical-align: top;\n",
       "    }\n",
       "\n",
       "    .dataframe thead th {\n",
       "        text-align: right;\n",
       "    }\n",
       "</style>\n",
       "<table border=\"1\" class=\"dataframe\">\n",
       "  <thead>\n",
       "    <tr style=\"text-align: right;\">\n",
       "      <th></th>\n",
       "      <th>btc</th>\n",
       "      <th>eth</th>\n",
       "      <th>aapl</th>\n",
       "      <th>spx</th>\n",
       "      <th>avg</th>\n",
       "    </tr>\n",
       "  </thead>\n",
       "  <tbody>\n",
       "    <tr>\n",
       "      <th>sto_vol_all</th>\n",
       "      <td>0.634868</td>\n",
       "      <td>0.746154</td>\n",
       "      <td>0.474026</td>\n",
       "      <td>0.459052</td>\n",
       "      <td>0.578525</td>\n",
       "    </tr>\n",
       "    <tr>\n",
       "      <th>sto_vol_twt</th>\n",
       "      <td>0.569079</td>\n",
       "      <td>0.576410</td>\n",
       "      <td>0.538961</td>\n",
       "      <td>0.441810</td>\n",
       "      <td>0.531565</td>\n",
       "    </tr>\n",
       "    <tr>\n",
       "      <th>sto_rea_all</th>\n",
       "      <td>0.542763</td>\n",
       "      <td>0.567692</td>\n",
       "      <td>0.481602</td>\n",
       "      <td>0.566810</td>\n",
       "      <td>0.539717</td>\n",
       "    </tr>\n",
       "    <tr>\n",
       "      <th>sto_rea_twt</th>\n",
       "      <td>0.502193</td>\n",
       "      <td>0.618462</td>\n",
       "      <td>0.458874</td>\n",
       "      <td>0.685345</td>\n",
       "      <td>0.566218</td>\n",
       "    </tr>\n",
       "    <tr>\n",
       "      <th>sto_si1_all</th>\n",
       "      <td>0.625548</td>\n",
       "      <td>0.557436</td>\n",
       "      <td>0.477273</td>\n",
       "      <td>0.538793</td>\n",
       "      <td>0.549762</td>\n",
       "    </tr>\n",
       "    <tr>\n",
       "      <th>sto_si2_all</th>\n",
       "      <td>0.633772</td>\n",
       "      <td>0.522564</td>\n",
       "      <td>0.523810</td>\n",
       "      <td>0.562500</td>\n",
       "      <td>0.560661</td>\n",
       "    </tr>\n",
       "    <tr>\n",
       "      <th>sto_si3_all</th>\n",
       "      <td>0.593202</td>\n",
       "      <td>0.522051</td>\n",
       "      <td>0.455628</td>\n",
       "      <td>0.534483</td>\n",
       "      <td>0.526341</td>\n",
       "    </tr>\n",
       "    <tr>\n",
       "      <th>sto_si1_twt</th>\n",
       "      <td>0.589912</td>\n",
       "      <td>0.587179</td>\n",
       "      <td>0.490260</td>\n",
       "      <td>0.518319</td>\n",
       "      <td>0.546418</td>\n",
       "    </tr>\n",
       "    <tr>\n",
       "      <th>sto_si2_twt</th>\n",
       "      <td>0.592105</td>\n",
       "      <td>0.594359</td>\n",
       "      <td>0.506494</td>\n",
       "      <td>0.516164</td>\n",
       "      <td>0.552280</td>\n",
       "    </tr>\n",
       "    <tr>\n",
       "      <th>sto_si3_twt</th>\n",
       "      <td>0.595943</td>\n",
       "      <td>0.534872</td>\n",
       "      <td>0.420996</td>\n",
       "      <td>0.512931</td>\n",
       "      <td>0.516185</td>\n",
       "    </tr>\n",
       "    <tr>\n",
       "      <th>stw_vol_dcl</th>\n",
       "      <td>0.534539</td>\n",
       "      <td>0.515385</td>\n",
       "      <td>0.464286</td>\n",
       "      <td>0.560345</td>\n",
       "      <td>0.518639</td>\n",
       "    </tr>\n",
       "    <tr>\n",
       "      <th>stw_vol_brt</th>\n",
       "      <td>0.524123</td>\n",
       "      <td>0.502051</td>\n",
       "      <td>0.480519</td>\n",
       "      <td>0.548491</td>\n",
       "      <td>0.513796</td>\n",
       "    </tr>\n",
       "    <tr>\n",
       "      <th>stw_si1_dcl</th>\n",
       "      <td>0.626645</td>\n",
       "      <td>0.541026</td>\n",
       "      <td>0.458874</td>\n",
       "      <td>0.641164</td>\n",
       "      <td>0.566927</td>\n",
       "    </tr>\n",
       "    <tr>\n",
       "      <th>stw_si2_dcl</th>\n",
       "      <td>0.594846</td>\n",
       "      <td>0.532308</td>\n",
       "      <td>0.433983</td>\n",
       "      <td>0.633621</td>\n",
       "      <td>0.548689</td>\n",
       "    </tr>\n",
       "    <tr>\n",
       "      <th>stw_si3_dcl</th>\n",
       "      <td>0.642544</td>\n",
       "      <td>0.560000</td>\n",
       "      <td>0.491342</td>\n",
       "      <td>0.575431</td>\n",
       "      <td>0.567329</td>\n",
       "    </tr>\n",
       "    <tr>\n",
       "      <th>stw_si1_brt</th>\n",
       "      <td>0.628289</td>\n",
       "      <td>0.566667</td>\n",
       "      <td>0.462121</td>\n",
       "      <td>0.606681</td>\n",
       "      <td>0.565940</td>\n",
       "    </tr>\n",
       "    <tr>\n",
       "      <th>stw_si2_brt</th>\n",
       "      <td>0.597039</td>\n",
       "      <td>0.557949</td>\n",
       "      <td>0.429654</td>\n",
       "      <td>0.602371</td>\n",
       "      <td>0.546753</td>\n",
       "    </tr>\n",
       "    <tr>\n",
       "      <th>stw_si3_brt</th>\n",
       "      <td>0.638158</td>\n",
       "      <td>0.563590</td>\n",
       "      <td>0.491342</td>\n",
       "      <td>0.585129</td>\n",
       "      <td>0.569555</td>\n",
       "    </tr>\n",
       "  </tbody>\n",
       "</table>\n",
       "</div>"
      ],
      "text/plain": [
       "                  btc       eth      aapl       spx       avg\n",
       "sto_vol_all  0.634868  0.746154  0.474026  0.459052  0.578525\n",
       "sto_vol_twt  0.569079  0.576410  0.538961  0.441810  0.531565\n",
       "sto_rea_all  0.542763  0.567692  0.481602  0.566810  0.539717\n",
       "sto_rea_twt  0.502193  0.618462  0.458874  0.685345  0.566218\n",
       "sto_si1_all  0.625548  0.557436  0.477273  0.538793  0.549762\n",
       "sto_si2_all  0.633772  0.522564  0.523810  0.562500  0.560661\n",
       "sto_si3_all  0.593202  0.522051  0.455628  0.534483  0.526341\n",
       "sto_si1_twt  0.589912  0.587179  0.490260  0.518319  0.546418\n",
       "sto_si2_twt  0.592105  0.594359  0.506494  0.516164  0.552280\n",
       "sto_si3_twt  0.595943  0.534872  0.420996  0.512931  0.516185\n",
       "stw_vol_dcl  0.534539  0.515385  0.464286  0.560345  0.518639\n",
       "stw_vol_brt  0.524123  0.502051  0.480519  0.548491  0.513796\n",
       "stw_si1_dcl  0.626645  0.541026  0.458874  0.641164  0.566927\n",
       "stw_si2_dcl  0.594846  0.532308  0.433983  0.633621  0.548689\n",
       "stw_si3_dcl  0.642544  0.560000  0.491342  0.575431  0.567329\n",
       "stw_si1_brt  0.628289  0.566667  0.462121  0.606681  0.565940\n",
       "stw_si2_brt  0.597039  0.557949  0.429654  0.602371  0.546753\n",
       "stw_si3_brt  0.638158  0.563590  0.491342  0.585129  0.569555"
      ]
     },
     "execution_count": 14,
     "metadata": {},
     "output_type": "execute_result"
    }
   ],
   "source": [
    "sc"
   ]
  },
  {
   "cell_type": "code",
   "execution_count": 15,
   "metadata": {},
   "outputs": [
    {
     "data": {
      "text/html": [
       "<div>\n",
       "<style scoped>\n",
       "    .dataframe tbody tr th:only-of-type {\n",
       "        vertical-align: middle;\n",
       "    }\n",
       "\n",
       "    .dataframe tbody tr th {\n",
       "        vertical-align: top;\n",
       "    }\n",
       "\n",
       "    .dataframe thead th {\n",
       "        text-align: right;\n",
       "    }\n",
       "</style>\n",
       "<table border=\"1\" class=\"dataframe\">\n",
       "  <thead>\n",
       "    <tr style=\"text-align: right;\">\n",
       "      <th></th>\n",
       "      <th>btc</th>\n",
       "      <th>eth</th>\n",
       "      <th>aapl</th>\n",
       "      <th>spx</th>\n",
       "      <th>avg</th>\n",
       "    </tr>\n",
       "  </thead>\n",
       "  <tbody>\n",
       "    <tr>\n",
       "      <th>stw_vol_brt</th>\n",
       "      <td>0.524123</td>\n",
       "      <td>0.502051</td>\n",
       "      <td>0.480519</td>\n",
       "      <td>0.548491</td>\n",
       "      <td>0.513796</td>\n",
       "    </tr>\n",
       "    <tr>\n",
       "      <th>sto_si3_twt</th>\n",
       "      <td>0.595943</td>\n",
       "      <td>0.534872</td>\n",
       "      <td>0.420996</td>\n",
       "      <td>0.512931</td>\n",
       "      <td>0.516185</td>\n",
       "    </tr>\n",
       "    <tr>\n",
       "      <th>stw_vol_dcl</th>\n",
       "      <td>0.534539</td>\n",
       "      <td>0.515385</td>\n",
       "      <td>0.464286</td>\n",
       "      <td>0.560345</td>\n",
       "      <td>0.518639</td>\n",
       "    </tr>\n",
       "    <tr>\n",
       "      <th>sto_si3_all</th>\n",
       "      <td>0.593202</td>\n",
       "      <td>0.522051</td>\n",
       "      <td>0.455628</td>\n",
       "      <td>0.534483</td>\n",
       "      <td>0.526341</td>\n",
       "    </tr>\n",
       "    <tr>\n",
       "      <th>sto_vol_twt</th>\n",
       "      <td>0.569079</td>\n",
       "      <td>0.576410</td>\n",
       "      <td>0.538961</td>\n",
       "      <td>0.441810</td>\n",
       "      <td>0.531565</td>\n",
       "    </tr>\n",
       "    <tr>\n",
       "      <th>sto_rea_all</th>\n",
       "      <td>0.542763</td>\n",
       "      <td>0.567692</td>\n",
       "      <td>0.481602</td>\n",
       "      <td>0.566810</td>\n",
       "      <td>0.539717</td>\n",
       "    </tr>\n",
       "    <tr>\n",
       "      <th>sto_si1_twt</th>\n",
       "      <td>0.589912</td>\n",
       "      <td>0.587179</td>\n",
       "      <td>0.490260</td>\n",
       "      <td>0.518319</td>\n",
       "      <td>0.546418</td>\n",
       "    </tr>\n",
       "    <tr>\n",
       "      <th>stw_si2_brt</th>\n",
       "      <td>0.597039</td>\n",
       "      <td>0.557949</td>\n",
       "      <td>0.429654</td>\n",
       "      <td>0.602371</td>\n",
       "      <td>0.546753</td>\n",
       "    </tr>\n",
       "    <tr>\n",
       "      <th>stw_si2_dcl</th>\n",
       "      <td>0.594846</td>\n",
       "      <td>0.532308</td>\n",
       "      <td>0.433983</td>\n",
       "      <td>0.633621</td>\n",
       "      <td>0.548689</td>\n",
       "    </tr>\n",
       "    <tr>\n",
       "      <th>sto_si1_all</th>\n",
       "      <td>0.625548</td>\n",
       "      <td>0.557436</td>\n",
       "      <td>0.477273</td>\n",
       "      <td>0.538793</td>\n",
       "      <td>0.549762</td>\n",
       "    </tr>\n",
       "    <tr>\n",
       "      <th>sto_si2_twt</th>\n",
       "      <td>0.592105</td>\n",
       "      <td>0.594359</td>\n",
       "      <td>0.506494</td>\n",
       "      <td>0.516164</td>\n",
       "      <td>0.552280</td>\n",
       "    </tr>\n",
       "    <tr>\n",
       "      <th>sto_si2_all</th>\n",
       "      <td>0.633772</td>\n",
       "      <td>0.522564</td>\n",
       "      <td>0.523810</td>\n",
       "      <td>0.562500</td>\n",
       "      <td>0.560661</td>\n",
       "    </tr>\n",
       "    <tr>\n",
       "      <th>stw_si1_brt</th>\n",
       "      <td>0.628289</td>\n",
       "      <td>0.566667</td>\n",
       "      <td>0.462121</td>\n",
       "      <td>0.606681</td>\n",
       "      <td>0.565940</td>\n",
       "    </tr>\n",
       "    <tr>\n",
       "      <th>sto_rea_twt</th>\n",
       "      <td>0.502193</td>\n",
       "      <td>0.618462</td>\n",
       "      <td>0.458874</td>\n",
       "      <td>0.685345</td>\n",
       "      <td>0.566218</td>\n",
       "    </tr>\n",
       "    <tr>\n",
       "      <th>stw_si1_dcl</th>\n",
       "      <td>0.626645</td>\n",
       "      <td>0.541026</td>\n",
       "      <td>0.458874</td>\n",
       "      <td>0.641164</td>\n",
       "      <td>0.566927</td>\n",
       "    </tr>\n",
       "    <tr>\n",
       "      <th>stw_si3_dcl</th>\n",
       "      <td>0.642544</td>\n",
       "      <td>0.560000</td>\n",
       "      <td>0.491342</td>\n",
       "      <td>0.575431</td>\n",
       "      <td>0.567329</td>\n",
       "    </tr>\n",
       "    <tr>\n",
       "      <th>stw_si3_brt</th>\n",
       "      <td>0.638158</td>\n",
       "      <td>0.563590</td>\n",
       "      <td>0.491342</td>\n",
       "      <td>0.585129</td>\n",
       "      <td>0.569555</td>\n",
       "    </tr>\n",
       "    <tr>\n",
       "      <th>sto_vol_all</th>\n",
       "      <td>0.634868</td>\n",
       "      <td>0.746154</td>\n",
       "      <td>0.474026</td>\n",
       "      <td>0.459052</td>\n",
       "      <td>0.578525</td>\n",
       "    </tr>\n",
       "  </tbody>\n",
       "</table>\n",
       "</div>"
      ],
      "text/plain": [
       "                  btc       eth      aapl       spx       avg\n",
       "stw_vol_brt  0.524123  0.502051  0.480519  0.548491  0.513796\n",
       "sto_si3_twt  0.595943  0.534872  0.420996  0.512931  0.516185\n",
       "stw_vol_dcl  0.534539  0.515385  0.464286  0.560345  0.518639\n",
       "sto_si3_all  0.593202  0.522051  0.455628  0.534483  0.526341\n",
       "sto_vol_twt  0.569079  0.576410  0.538961  0.441810  0.531565\n",
       "sto_rea_all  0.542763  0.567692  0.481602  0.566810  0.539717\n",
       "sto_si1_twt  0.589912  0.587179  0.490260  0.518319  0.546418\n",
       "stw_si2_brt  0.597039  0.557949  0.429654  0.602371  0.546753\n",
       "stw_si2_dcl  0.594846  0.532308  0.433983  0.633621  0.548689\n",
       "sto_si1_all  0.625548  0.557436  0.477273  0.538793  0.549762\n",
       "sto_si2_twt  0.592105  0.594359  0.506494  0.516164  0.552280\n",
       "sto_si2_all  0.633772  0.522564  0.523810  0.562500  0.560661\n",
       "stw_si1_brt  0.628289  0.566667  0.462121  0.606681  0.565940\n",
       "sto_rea_twt  0.502193  0.618462  0.458874  0.685345  0.566218\n",
       "stw_si1_dcl  0.626645  0.541026  0.458874  0.641164  0.566927\n",
       "stw_si3_dcl  0.642544  0.560000  0.491342  0.575431  0.567329\n",
       "stw_si3_brt  0.638158  0.563590  0.491342  0.585129  0.569555\n",
       "sto_vol_all  0.634868  0.746154  0.474026  0.459052  0.578525"
      ]
     },
     "execution_count": 15,
     "metadata": {},
     "output_type": "execute_result"
    }
   ],
   "source": [
    "sc.sort_values('avg')"
   ]
  },
  {
   "cell_type": "code",
   "execution_count": null,
   "metadata": {},
   "outputs": [],
   "source": []
  }
 ],
 "metadata": {
  "kernelspec": {
   "display_name": "Python 3",
   "language": "python",
   "name": "python3"
  },
  "language_info": {
   "codemirror_mode": {
    "name": "ipython",
    "version": 3
   },
   "file_extension": ".py",
   "mimetype": "text/x-python",
   "name": "python",
   "nbconvert_exporter": "python",
   "pygments_lexer": "ipython3",
   "version": "3.6.7"
  }
 },
 "nbformat": 4,
 "nbformat_minor": 2
}
