{
 "cells": [
  {
   "cell_type": "code",
   "execution_count": 1,
   "metadata": {},
   "outputs": [
    {
     "name": "stderr",
     "output_type": "stream",
     "text": [
      "Using TensorFlow backend.\n"
     ]
    }
   ],
   "source": [
    "import os \n",
    "import pandas as pd\n",
    "import numpy as np\n",
    "from keras.preprocessing.sequence import TimeseriesGenerator\n",
    "from sklearn.preprocessing import StandardScaler\n",
    "from sklearn.linear_model import LogisticRegression\n",
    "from sklearn.metrics import roc_auc_score"
   ]
  },
  {
   "cell_type": "code",
   "execution_count": 2,
   "metadata": {},
   "outputs": [
    {
     "data": {
      "text/html": [
       "        <script type=\"text/javascript\">\n",
       "        window.PlotlyConfig = {MathJaxConfig: 'local'};\n",
       "        if (window.MathJax) {MathJax.Hub.Config({SVG: {font: \"STIX-Web\"}});}\n",
       "        if (typeof require !== 'undefined') {\n",
       "        require.undef(\"plotly\");\n",
       "        requirejs.config({\n",
       "            paths: {\n",
       "                'plotly': ['https://cdn.plot.ly/plotly-latest.min']\n",
       "            }\n",
       "        });\n",
       "        require(['plotly'], function(Plotly) {\n",
       "            window._Plotly = Plotly;\n",
       "        });\n",
       "        }\n",
       "        </script>\n",
       "        "
      ]
     },
     "metadata": {},
     "output_type": "display_data"
    }
   ],
   "source": [
    "from plotly.offline import iplot\n",
    "import cufflinks as cf\n",
    "cf.go_offline()"
   ]
  },
  {
   "cell_type": "code",
   "execution_count": 3,
   "metadata": {},
   "outputs": [],
   "source": [
    "import warnings\n",
    "warnings.filterwarnings('ignore')"
   ]
  },
  {
   "cell_type": "code",
   "execution_count": 4,
   "metadata": {},
   "outputs": [],
   "source": [
    "index = ['sto_vol_all',\n",
    "         'sto_vol_twt',\n",
    "         'sto_rea_all',\n",
    "         'sto_rea_twt',\n",
    "         'sto_si1_all', \n",
    "         'sto_si2_all', \n",
    "         'sto_si3_all', \n",
    "         'sto_si1_twt', \n",
    "         'sto_si2_twt', \n",
    "         'sto_si3_twt',\n",
    "         'stw_vol_dcl',\n",
    "         'stw_vol_brt',\n",
    "         'stw_si1_dcl',\n",
    "         'stw_si2_dcl',\n",
    "         'stw_si3_dcl', \n",
    "         'stw_si1_brt', \n",
    "         'stw_si2_brt',\n",
    "         'stw_si3_brt']"
   ]
  },
  {
   "cell_type": "code",
   "execution_count": 6,
   "metadata": {},
   "outputs": [],
   "source": [
    "sc = pd.DataFrame(np.zeros((18, 4)), index=index, columns=['btc', 'eth', 'aapl', 'spx'])\n",
    "for file in os.listdir('data/pred'):\n",
    "    _, source, type1, type2, symbol = file.split('.')[0].split('_')\n",
    "    \n",
    "    if type2 == 'fbp' or type1 == 'fbp':\n",
    "        continue\n",
    "        \n",
    "    new = source + '_' + type1 + '_' + type2\n",
    "    if type2.startswith('si'):\n",
    "        new = source + '_' + type2 + '_' + type1\n",
    "    \n",
    "    data = pd.read_csv('data/pred/' + file, index_col=0, parse_dates=True)\n",
    "    changes = pd.read_csv('data/changes/' + symbol + '_changes.csv', index_col=0, parse_dates=True)\n",
    "    roll = pd.read_csv('data/roll/' + symbol + '_roll.csv', index_col=0, parse_dates=True)\n",
    "\n",
    "    data_train = data[data.index < pd.to_datetime('2019-05-01')]\n",
    "    data_test = data[data.index >= pd.to_datetime('2019-05-01')]\n",
    "    changes_train = changes[changes.index < pd.to_datetime('2019-05-01')]\n",
    "    changes_test = changes[changes.index >= pd.to_datetime('2019-05-01')]\n",
    "    roll_train = roll[roll.index < pd.to_datetime('2019-05-01')]\n",
    "    roll_test = roll[roll.index >= pd.to_datetime('2019-05-01')]\n",
    "\n",
    "    tg_train = TimeseriesGenerator(data_train.values, changes_train.values, 3, batch_size=len(data_train))\n",
    "    x_train, y_train = tg_train[0]\n",
    "    x_train = x_train.reshape(-1, x_train.shape[1] * x_train.shape[2])\n",
    "    y_train = y_train.reshape(-1)\n",
    "\n",
    "    tg_test = TimeseriesGenerator(data_test.values, changes_test.values, 3, batch_size=len(data_test))\n",
    "    x_test, y_test = tg_test[0]\n",
    "    x_test = x_test.reshape(-1, x_test.shape[1] * x_test.shape[2])\n",
    "    y_test = y_test.reshape(-1)\n",
    "\n",
    "    x_train = np.append(x_train, roll_train[2:-1], axis=1)\n",
    "    x_test = np.append(x_test, roll_test[2:-1], axis=1)\n",
    "\n",
    "    scaler = StandardScaler()\n",
    "    x_train = scaler.fit_transform(x_train)\n",
    "    x_test = scaler.transform(x_test)\n",
    "\n",
    "    model = LogisticRegression()\n",
    "    model.fit(x_train, y_train)\n",
    "    prob = model.predict_proba(x_test)[:, 1]\n",
    "    roc_score = roc_auc_score(y_test, prob)\n",
    "    sc.loc[new, symbol] = roc_score"
   ]
  },
  {
   "cell_type": "code",
   "execution_count": 7,
   "metadata": {},
   "outputs": [
    {
     "data": {
      "text/html": [
       "<div>\n",
       "<style scoped>\n",
       "    .dataframe tbody tr th:only-of-type {\n",
       "        vertical-align: middle;\n",
       "    }\n",
       "\n",
       "    .dataframe tbody tr th {\n",
       "        vertical-align: top;\n",
       "    }\n",
       "\n",
       "    .dataframe thead th {\n",
       "        text-align: right;\n",
       "    }\n",
       "</style>\n",
       "<table border=\"1\" class=\"dataframe\">\n",
       "  <thead>\n",
       "    <tr style=\"text-align: right;\">\n",
       "      <th></th>\n",
       "      <th>btc</th>\n",
       "      <th>eth</th>\n",
       "      <th>aapl</th>\n",
       "      <th>spx</th>\n",
       "    </tr>\n",
       "  </thead>\n",
       "  <tbody>\n",
       "    <tr>\n",
       "      <th>sto_vol_all</th>\n",
       "      <td>0.634868</td>\n",
       "      <td>0.746154</td>\n",
       "      <td>0.474026</td>\n",
       "      <td>0.459052</td>\n",
       "    </tr>\n",
       "    <tr>\n",
       "      <th>sto_vol_twt</th>\n",
       "      <td>0.569079</td>\n",
       "      <td>0.576410</td>\n",
       "      <td>0.538961</td>\n",
       "      <td>0.441810</td>\n",
       "    </tr>\n",
       "    <tr>\n",
       "      <th>sto_rea_all</th>\n",
       "      <td>0.542763</td>\n",
       "      <td>0.567692</td>\n",
       "      <td>0.481602</td>\n",
       "      <td>0.566810</td>\n",
       "    </tr>\n",
       "    <tr>\n",
       "      <th>sto_rea_twt</th>\n",
       "      <td>0.502193</td>\n",
       "      <td>0.618462</td>\n",
       "      <td>0.458874</td>\n",
       "      <td>0.685345</td>\n",
       "    </tr>\n",
       "    <tr>\n",
       "      <th>sto_si1_all</th>\n",
       "      <td>0.625548</td>\n",
       "      <td>0.557436</td>\n",
       "      <td>0.477273</td>\n",
       "      <td>0.538793</td>\n",
       "    </tr>\n",
       "    <tr>\n",
       "      <th>sto_si2_all</th>\n",
       "      <td>0.633772</td>\n",
       "      <td>0.522564</td>\n",
       "      <td>0.523810</td>\n",
       "      <td>0.562500</td>\n",
       "    </tr>\n",
       "    <tr>\n",
       "      <th>sto_si3_all</th>\n",
       "      <td>0.593202</td>\n",
       "      <td>0.522051</td>\n",
       "      <td>0.455628</td>\n",
       "      <td>0.534483</td>\n",
       "    </tr>\n",
       "    <tr>\n",
       "      <th>sto_si1_twt</th>\n",
       "      <td>0.589912</td>\n",
       "      <td>0.587179</td>\n",
       "      <td>0.490260</td>\n",
       "      <td>0.518319</td>\n",
       "    </tr>\n",
       "    <tr>\n",
       "      <th>sto_si2_twt</th>\n",
       "      <td>0.592105</td>\n",
       "      <td>0.594359</td>\n",
       "      <td>0.506494</td>\n",
       "      <td>0.516164</td>\n",
       "    </tr>\n",
       "    <tr>\n",
       "      <th>sto_si3_twt</th>\n",
       "      <td>0.595943</td>\n",
       "      <td>0.534872</td>\n",
       "      <td>0.420996</td>\n",
       "      <td>0.512931</td>\n",
       "    </tr>\n",
       "    <tr>\n",
       "      <th>stw_vol_dcl</th>\n",
       "      <td>0.534539</td>\n",
       "      <td>0.515385</td>\n",
       "      <td>0.464286</td>\n",
       "      <td>0.560345</td>\n",
       "    </tr>\n",
       "    <tr>\n",
       "      <th>stw_vol_brt</th>\n",
       "      <td>0.524123</td>\n",
       "      <td>0.502051</td>\n",
       "      <td>0.480519</td>\n",
       "      <td>0.548491</td>\n",
       "    </tr>\n",
       "    <tr>\n",
       "      <th>stw_si1_dcl</th>\n",
       "      <td>0.626645</td>\n",
       "      <td>0.541026</td>\n",
       "      <td>0.458874</td>\n",
       "      <td>0.641164</td>\n",
       "    </tr>\n",
       "    <tr>\n",
       "      <th>stw_si2_dcl</th>\n",
       "      <td>0.594846</td>\n",
       "      <td>0.532308</td>\n",
       "      <td>0.433983</td>\n",
       "      <td>0.633621</td>\n",
       "    </tr>\n",
       "    <tr>\n",
       "      <th>stw_si3_dcl</th>\n",
       "      <td>0.642544</td>\n",
       "      <td>0.560000</td>\n",
       "      <td>0.491342</td>\n",
       "      <td>0.575431</td>\n",
       "    </tr>\n",
       "    <tr>\n",
       "      <th>stw_si1_brt</th>\n",
       "      <td>0.628289</td>\n",
       "      <td>0.566667</td>\n",
       "      <td>0.462121</td>\n",
       "      <td>0.606681</td>\n",
       "    </tr>\n",
       "    <tr>\n",
       "      <th>stw_si2_brt</th>\n",
       "      <td>0.597039</td>\n",
       "      <td>0.557949</td>\n",
       "      <td>0.429654</td>\n",
       "      <td>0.602371</td>\n",
       "    </tr>\n",
       "    <tr>\n",
       "      <th>stw_si3_brt</th>\n",
       "      <td>0.638158</td>\n",
       "      <td>0.563590</td>\n",
       "      <td>0.491342</td>\n",
       "      <td>0.585129</td>\n",
       "    </tr>\n",
       "  </tbody>\n",
       "</table>\n",
       "</div>"
      ],
      "text/plain": [
       "                  btc       eth      aapl       spx\n",
       "sto_vol_all  0.634868  0.746154  0.474026  0.459052\n",
       "sto_vol_twt  0.569079  0.576410  0.538961  0.441810\n",
       "sto_rea_all  0.542763  0.567692  0.481602  0.566810\n",
       "sto_rea_twt  0.502193  0.618462  0.458874  0.685345\n",
       "sto_si1_all  0.625548  0.557436  0.477273  0.538793\n",
       "sto_si2_all  0.633772  0.522564  0.523810  0.562500\n",
       "sto_si3_all  0.593202  0.522051  0.455628  0.534483\n",
       "sto_si1_twt  0.589912  0.587179  0.490260  0.518319\n",
       "sto_si2_twt  0.592105  0.594359  0.506494  0.516164\n",
       "sto_si3_twt  0.595943  0.534872  0.420996  0.512931\n",
       "stw_vol_dcl  0.534539  0.515385  0.464286  0.560345\n",
       "stw_vol_brt  0.524123  0.502051  0.480519  0.548491\n",
       "stw_si1_dcl  0.626645  0.541026  0.458874  0.641164\n",
       "stw_si2_dcl  0.594846  0.532308  0.433983  0.633621\n",
       "stw_si3_dcl  0.642544  0.560000  0.491342  0.575431\n",
       "stw_si1_brt  0.628289  0.566667  0.462121  0.606681\n",
       "stw_si2_brt  0.597039  0.557949  0.429654  0.602371\n",
       "stw_si3_brt  0.638158  0.563590  0.491342  0.585129"
      ]
     },
     "execution_count": 7,
     "metadata": {},
     "output_type": "execute_result"
    }
   ],
   "source": [
    "sc"
   ]
  },
  {
   "cell_type": "code",
   "execution_count": 8,
   "metadata": {},
   "outputs": [],
   "source": [
    "sc['avg'] = sc.apply(lambda x: x.abs().mean(), axis=1)"
   ]
  },
  {
   "cell_type": "code",
   "execution_count": 9,
   "metadata": {},
   "outputs": [
    {
     "data": {
      "text/html": [
       "<div>\n",
       "<style scoped>\n",
       "    .dataframe tbody tr th:only-of-type {\n",
       "        vertical-align: middle;\n",
       "    }\n",
       "\n",
       "    .dataframe tbody tr th {\n",
       "        vertical-align: top;\n",
       "    }\n",
       "\n",
       "    .dataframe thead th {\n",
       "        text-align: right;\n",
       "    }\n",
       "</style>\n",
       "<table border=\"1\" class=\"dataframe\">\n",
       "  <thead>\n",
       "    <tr style=\"text-align: right;\">\n",
       "      <th></th>\n",
       "      <th>btc</th>\n",
       "      <th>eth</th>\n",
       "      <th>aapl</th>\n",
       "      <th>spx</th>\n",
       "      <th>avg</th>\n",
       "    </tr>\n",
       "  </thead>\n",
       "  <tbody>\n",
       "    <tr>\n",
       "      <th>sto_vol_all</th>\n",
       "      <td>0.634868</td>\n",
       "      <td>0.746154</td>\n",
       "      <td>0.474026</td>\n",
       "      <td>0.459052</td>\n",
       "      <td>0.578525</td>\n",
       "    </tr>\n",
       "    <tr>\n",
       "      <th>sto_vol_twt</th>\n",
       "      <td>0.569079</td>\n",
       "      <td>0.576410</td>\n",
       "      <td>0.538961</td>\n",
       "      <td>0.441810</td>\n",
       "      <td>0.531565</td>\n",
       "    </tr>\n",
       "    <tr>\n",
       "      <th>sto_rea_all</th>\n",
       "      <td>0.542763</td>\n",
       "      <td>0.567692</td>\n",
       "      <td>0.481602</td>\n",
       "      <td>0.566810</td>\n",
       "      <td>0.539717</td>\n",
       "    </tr>\n",
       "    <tr>\n",
       "      <th>sto_rea_twt</th>\n",
       "      <td>0.502193</td>\n",
       "      <td>0.618462</td>\n",
       "      <td>0.458874</td>\n",
       "      <td>0.685345</td>\n",
       "      <td>0.566218</td>\n",
       "    </tr>\n",
       "    <tr>\n",
       "      <th>sto_si1_all</th>\n",
       "      <td>0.625548</td>\n",
       "      <td>0.557436</td>\n",
       "      <td>0.477273</td>\n",
       "      <td>0.538793</td>\n",
       "      <td>0.549762</td>\n",
       "    </tr>\n",
       "    <tr>\n",
       "      <th>sto_si2_all</th>\n",
       "      <td>0.633772</td>\n",
       "      <td>0.522564</td>\n",
       "      <td>0.523810</td>\n",
       "      <td>0.562500</td>\n",
       "      <td>0.560661</td>\n",
       "    </tr>\n",
       "    <tr>\n",
       "      <th>sto_si3_all</th>\n",
       "      <td>0.593202</td>\n",
       "      <td>0.522051</td>\n",
       "      <td>0.455628</td>\n",
       "      <td>0.534483</td>\n",
       "      <td>0.526341</td>\n",
       "    </tr>\n",
       "    <tr>\n",
       "      <th>sto_si1_twt</th>\n",
       "      <td>0.589912</td>\n",
       "      <td>0.587179</td>\n",
       "      <td>0.490260</td>\n",
       "      <td>0.518319</td>\n",
       "      <td>0.546418</td>\n",
       "    </tr>\n",
       "    <tr>\n",
       "      <th>sto_si2_twt</th>\n",
       "      <td>0.592105</td>\n",
       "      <td>0.594359</td>\n",
       "      <td>0.506494</td>\n",
       "      <td>0.516164</td>\n",
       "      <td>0.552280</td>\n",
       "    </tr>\n",
       "    <tr>\n",
       "      <th>sto_si3_twt</th>\n",
       "      <td>0.595943</td>\n",
       "      <td>0.534872</td>\n",
       "      <td>0.420996</td>\n",
       "      <td>0.512931</td>\n",
       "      <td>0.516185</td>\n",
       "    </tr>\n",
       "    <tr>\n",
       "      <th>stw_vol_dcl</th>\n",
       "      <td>0.534539</td>\n",
       "      <td>0.515385</td>\n",
       "      <td>0.464286</td>\n",
       "      <td>0.560345</td>\n",
       "      <td>0.518639</td>\n",
       "    </tr>\n",
       "    <tr>\n",
       "      <th>stw_vol_brt</th>\n",
       "      <td>0.524123</td>\n",
       "      <td>0.502051</td>\n",
       "      <td>0.480519</td>\n",
       "      <td>0.548491</td>\n",
       "      <td>0.513796</td>\n",
       "    </tr>\n",
       "    <tr>\n",
       "      <th>stw_si1_dcl</th>\n",
       "      <td>0.626645</td>\n",
       "      <td>0.541026</td>\n",
       "      <td>0.458874</td>\n",
       "      <td>0.641164</td>\n",
       "      <td>0.566927</td>\n",
       "    </tr>\n",
       "    <tr>\n",
       "      <th>stw_si2_dcl</th>\n",
       "      <td>0.594846</td>\n",
       "      <td>0.532308</td>\n",
       "      <td>0.433983</td>\n",
       "      <td>0.633621</td>\n",
       "      <td>0.548689</td>\n",
       "    </tr>\n",
       "    <tr>\n",
       "      <th>stw_si3_dcl</th>\n",
       "      <td>0.642544</td>\n",
       "      <td>0.560000</td>\n",
       "      <td>0.491342</td>\n",
       "      <td>0.575431</td>\n",
       "      <td>0.567329</td>\n",
       "    </tr>\n",
       "    <tr>\n",
       "      <th>stw_si1_brt</th>\n",
       "      <td>0.628289</td>\n",
       "      <td>0.566667</td>\n",
       "      <td>0.462121</td>\n",
       "      <td>0.606681</td>\n",
       "      <td>0.565940</td>\n",
       "    </tr>\n",
       "    <tr>\n",
       "      <th>stw_si2_brt</th>\n",
       "      <td>0.597039</td>\n",
       "      <td>0.557949</td>\n",
       "      <td>0.429654</td>\n",
       "      <td>0.602371</td>\n",
       "      <td>0.546753</td>\n",
       "    </tr>\n",
       "    <tr>\n",
       "      <th>stw_si3_brt</th>\n",
       "      <td>0.638158</td>\n",
       "      <td>0.563590</td>\n",
       "      <td>0.491342</td>\n",
       "      <td>0.585129</td>\n",
       "      <td>0.569555</td>\n",
       "    </tr>\n",
       "  </tbody>\n",
       "</table>\n",
       "</div>"
      ],
      "text/plain": [
       "                  btc       eth      aapl       spx       avg\n",
       "sto_vol_all  0.634868  0.746154  0.474026  0.459052  0.578525\n",
       "sto_vol_twt  0.569079  0.576410  0.538961  0.441810  0.531565\n",
       "sto_rea_all  0.542763  0.567692  0.481602  0.566810  0.539717\n",
       "sto_rea_twt  0.502193  0.618462  0.458874  0.685345  0.566218\n",
       "sto_si1_all  0.625548  0.557436  0.477273  0.538793  0.549762\n",
       "sto_si2_all  0.633772  0.522564  0.523810  0.562500  0.560661\n",
       "sto_si3_all  0.593202  0.522051  0.455628  0.534483  0.526341\n",
       "sto_si1_twt  0.589912  0.587179  0.490260  0.518319  0.546418\n",
       "sto_si2_twt  0.592105  0.594359  0.506494  0.516164  0.552280\n",
       "sto_si3_twt  0.595943  0.534872  0.420996  0.512931  0.516185\n",
       "stw_vol_dcl  0.534539  0.515385  0.464286  0.560345  0.518639\n",
       "stw_vol_brt  0.524123  0.502051  0.480519  0.548491  0.513796\n",
       "stw_si1_dcl  0.626645  0.541026  0.458874  0.641164  0.566927\n",
       "stw_si2_dcl  0.594846  0.532308  0.433983  0.633621  0.548689\n",
       "stw_si3_dcl  0.642544  0.560000  0.491342  0.575431  0.567329\n",
       "stw_si1_brt  0.628289  0.566667  0.462121  0.606681  0.565940\n",
       "stw_si2_brt  0.597039  0.557949  0.429654  0.602371  0.546753\n",
       "stw_si3_brt  0.638158  0.563590  0.491342  0.585129  0.569555"
      ]
     },
     "execution_count": 9,
     "metadata": {},
     "output_type": "execute_result"
    }
   ],
   "source": [
    "sc"
   ]
  },
  {
   "cell_type": "code",
   "execution_count": 10,
   "metadata": {},
   "outputs": [
    {
     "data": {
      "text/html": [
       "<div>\n",
       "<style scoped>\n",
       "    .dataframe tbody tr th:only-of-type {\n",
       "        vertical-align: middle;\n",
       "    }\n",
       "\n",
       "    .dataframe tbody tr th {\n",
       "        vertical-align: top;\n",
       "    }\n",
       "\n",
       "    .dataframe thead th {\n",
       "        text-align: right;\n",
       "    }\n",
       "</style>\n",
       "<table border=\"1\" class=\"dataframe\">\n",
       "  <thead>\n",
       "    <tr style=\"text-align: right;\">\n",
       "      <th></th>\n",
       "      <th>btc</th>\n",
       "      <th>eth</th>\n",
       "      <th>aapl</th>\n",
       "      <th>spx</th>\n",
       "      <th>avg</th>\n",
       "    </tr>\n",
       "  </thead>\n",
       "  <tbody>\n",
       "    <tr>\n",
       "      <th>stw_vol_brt</th>\n",
       "      <td>0.524123</td>\n",
       "      <td>0.502051</td>\n",
       "      <td>0.480519</td>\n",
       "      <td>0.548491</td>\n",
       "      <td>0.513796</td>\n",
       "    </tr>\n",
       "    <tr>\n",
       "      <th>sto_si3_twt</th>\n",
       "      <td>0.595943</td>\n",
       "      <td>0.534872</td>\n",
       "      <td>0.420996</td>\n",
       "      <td>0.512931</td>\n",
       "      <td>0.516185</td>\n",
       "    </tr>\n",
       "    <tr>\n",
       "      <th>stw_vol_dcl</th>\n",
       "      <td>0.534539</td>\n",
       "      <td>0.515385</td>\n",
       "      <td>0.464286</td>\n",
       "      <td>0.560345</td>\n",
       "      <td>0.518639</td>\n",
       "    </tr>\n",
       "    <tr>\n",
       "      <th>sto_si3_all</th>\n",
       "      <td>0.593202</td>\n",
       "      <td>0.522051</td>\n",
       "      <td>0.455628</td>\n",
       "      <td>0.534483</td>\n",
       "      <td>0.526341</td>\n",
       "    </tr>\n",
       "    <tr>\n",
       "      <th>sto_vol_twt</th>\n",
       "      <td>0.569079</td>\n",
       "      <td>0.576410</td>\n",
       "      <td>0.538961</td>\n",
       "      <td>0.441810</td>\n",
       "      <td>0.531565</td>\n",
       "    </tr>\n",
       "    <tr>\n",
       "      <th>sto_rea_all</th>\n",
       "      <td>0.542763</td>\n",
       "      <td>0.567692</td>\n",
       "      <td>0.481602</td>\n",
       "      <td>0.566810</td>\n",
       "      <td>0.539717</td>\n",
       "    </tr>\n",
       "    <tr>\n",
       "      <th>sto_si1_twt</th>\n",
       "      <td>0.589912</td>\n",
       "      <td>0.587179</td>\n",
       "      <td>0.490260</td>\n",
       "      <td>0.518319</td>\n",
       "      <td>0.546418</td>\n",
       "    </tr>\n",
       "    <tr>\n",
       "      <th>stw_si2_brt</th>\n",
       "      <td>0.597039</td>\n",
       "      <td>0.557949</td>\n",
       "      <td>0.429654</td>\n",
       "      <td>0.602371</td>\n",
       "      <td>0.546753</td>\n",
       "    </tr>\n",
       "    <tr>\n",
       "      <th>stw_si2_dcl</th>\n",
       "      <td>0.594846</td>\n",
       "      <td>0.532308</td>\n",
       "      <td>0.433983</td>\n",
       "      <td>0.633621</td>\n",
       "      <td>0.548689</td>\n",
       "    </tr>\n",
       "    <tr>\n",
       "      <th>sto_si1_all</th>\n",
       "      <td>0.625548</td>\n",
       "      <td>0.557436</td>\n",
       "      <td>0.477273</td>\n",
       "      <td>0.538793</td>\n",
       "      <td>0.549762</td>\n",
       "    </tr>\n",
       "    <tr>\n",
       "      <th>sto_si2_twt</th>\n",
       "      <td>0.592105</td>\n",
       "      <td>0.594359</td>\n",
       "      <td>0.506494</td>\n",
       "      <td>0.516164</td>\n",
       "      <td>0.552280</td>\n",
       "    </tr>\n",
       "    <tr>\n",
       "      <th>sto_si2_all</th>\n",
       "      <td>0.633772</td>\n",
       "      <td>0.522564</td>\n",
       "      <td>0.523810</td>\n",
       "      <td>0.562500</td>\n",
       "      <td>0.560661</td>\n",
       "    </tr>\n",
       "    <tr>\n",
       "      <th>stw_si1_brt</th>\n",
       "      <td>0.628289</td>\n",
       "      <td>0.566667</td>\n",
       "      <td>0.462121</td>\n",
       "      <td>0.606681</td>\n",
       "      <td>0.565940</td>\n",
       "    </tr>\n",
       "    <tr>\n",
       "      <th>sto_rea_twt</th>\n",
       "      <td>0.502193</td>\n",
       "      <td>0.618462</td>\n",
       "      <td>0.458874</td>\n",
       "      <td>0.685345</td>\n",
       "      <td>0.566218</td>\n",
       "    </tr>\n",
       "    <tr>\n",
       "      <th>stw_si1_dcl</th>\n",
       "      <td>0.626645</td>\n",
       "      <td>0.541026</td>\n",
       "      <td>0.458874</td>\n",
       "      <td>0.641164</td>\n",
       "      <td>0.566927</td>\n",
       "    </tr>\n",
       "    <tr>\n",
       "      <th>stw_si3_dcl</th>\n",
       "      <td>0.642544</td>\n",
       "      <td>0.560000</td>\n",
       "      <td>0.491342</td>\n",
       "      <td>0.575431</td>\n",
       "      <td>0.567329</td>\n",
       "    </tr>\n",
       "    <tr>\n",
       "      <th>stw_si3_brt</th>\n",
       "      <td>0.638158</td>\n",
       "      <td>0.563590</td>\n",
       "      <td>0.491342</td>\n",
       "      <td>0.585129</td>\n",
       "      <td>0.569555</td>\n",
       "    </tr>\n",
       "    <tr>\n",
       "      <th>sto_vol_all</th>\n",
       "      <td>0.634868</td>\n",
       "      <td>0.746154</td>\n",
       "      <td>0.474026</td>\n",
       "      <td>0.459052</td>\n",
       "      <td>0.578525</td>\n",
       "    </tr>\n",
       "  </tbody>\n",
       "</table>\n",
       "</div>"
      ],
      "text/plain": [
       "                  btc       eth      aapl       spx       avg\n",
       "stw_vol_brt  0.524123  0.502051  0.480519  0.548491  0.513796\n",
       "sto_si3_twt  0.595943  0.534872  0.420996  0.512931  0.516185\n",
       "stw_vol_dcl  0.534539  0.515385  0.464286  0.560345  0.518639\n",
       "sto_si3_all  0.593202  0.522051  0.455628  0.534483  0.526341\n",
       "sto_vol_twt  0.569079  0.576410  0.538961  0.441810  0.531565\n",
       "sto_rea_all  0.542763  0.567692  0.481602  0.566810  0.539717\n",
       "sto_si1_twt  0.589912  0.587179  0.490260  0.518319  0.546418\n",
       "stw_si2_brt  0.597039  0.557949  0.429654  0.602371  0.546753\n",
       "stw_si2_dcl  0.594846  0.532308  0.433983  0.633621  0.548689\n",
       "sto_si1_all  0.625548  0.557436  0.477273  0.538793  0.549762\n",
       "sto_si2_twt  0.592105  0.594359  0.506494  0.516164  0.552280\n",
       "sto_si2_all  0.633772  0.522564  0.523810  0.562500  0.560661\n",
       "stw_si1_brt  0.628289  0.566667  0.462121  0.606681  0.565940\n",
       "sto_rea_twt  0.502193  0.618462  0.458874  0.685345  0.566218\n",
       "stw_si1_dcl  0.626645  0.541026  0.458874  0.641164  0.566927\n",
       "stw_si3_dcl  0.642544  0.560000  0.491342  0.575431  0.567329\n",
       "stw_si3_brt  0.638158  0.563590  0.491342  0.585129  0.569555\n",
       "sto_vol_all  0.634868  0.746154  0.474026  0.459052  0.578525"
      ]
     },
     "execution_count": 10,
     "metadata": {},
     "output_type": "execute_result"
    }
   ],
   "source": [
    "sc.sort_values('avg')"
   ]
  },
  {
   "cell_type": "code",
   "execution_count": null,
   "metadata": {},
   "outputs": [],
   "source": []
  }
 ],
 "metadata": {
  "kernelspec": {
   "display_name": "Python 3",
   "language": "python",
   "name": "python3"
  },
  "language_info": {
   "codemirror_mode": {
    "name": "ipython",
    "version": 3
   },
   "file_extension": ".py",
   "mimetype": "text/x-python",
   "name": "python",
   "nbconvert_exporter": "python",
   "pygments_lexer": "ipython3",
   "version": "3.6.8"
  }
 },
 "nbformat": 4,
 "nbformat_minor": 2
}
